0.000000 22762.728145
1.000000 28326.552613
2.000000 38903.409897
3.000000 50081.276818
4.000000 60091.552323
5.000000 68618.388183
6.000000 75421.332785
7.000000 80241.186059
8.000000 82256.478473
9.000000 82567.938974
10.000000 81758.877354
11.000000 80582.379596
12.000000 79927.236682
13.000000 79738.931578
14.000000 76980.717070
15.000000 78059.373037
16.000000 60091.852594
17.000000 59074.258305
18.000000 54520.665400
19.000000 50754.323109
20.000000 54700.782210
21.000000 59011.644108
22.000000 60586.605771
23.000000 61190.712031
24.000000 60171.192310
25.000000 57091.987280
26.000000 51196.275450
27.000000 44685.629451
28.000000 42569.927639
29.000000 48153.533043
30.000000 54726.637238
31.000000 59231.417552
32.000000 61543.609436
33.000000 61384.548016
34.000000 59592.551173
35.000000 55892.421219
36.000000 55769.031583
37.000000 59529.331694
38.000000 60909.479686
39.000000 60403.901841
40.000000 62135.354121
41.000000 62724.583295
42.000000 62308.477540
43.000000 58955.461890
44.000000 54018.260465
45.000000 47453.094183
46.000000 35984.908658
47.000000 29322.596985
48.000000 25432.159728
49.000000 28599.403225
50.000000 35063.312282
51.000000 42196.503137
52.000000 48734.982274
53.000000 53784.436148
54.000000 57431.350739
55.000000 58337.679164
56.000000 57937.087730
57.000000 56380.690522
58.000000 56636.279325
59.000000 55662.127391
60.000000 52283.171275
61.000000 51654.646063
62.000000 55117.324580
63.000000 57273.948513
64.000000 57660.976603
65.000000 55660.412891
66.000000 51380.833639
67.000000 45409.572787
68.000000 40357.413052
69.000000 41226.953289
70.000000 46727.630131
71.000000 52580.135024
72.000000 56311.059797
73.000000 57630.128916
74.000000 57160.408819
75.000000 55899.180495
76.000000 57480.715039
77.000000 53748.228644
78.000000 56364.219156
79.000000 60821.176932
80.000000 62561.372087
81.000000 60904.460441
82.000000 59736.691915
83.000000 61806.285339
84.000000 62225.859812
85.000000 62761.015934
86.000000 64167.484618
87.000000 65139.013365
88.000000 65108.921575
89.000000 62993.103977
90.000000 57452.517243
91.000000 50931.205758
92.000000 43740.416976
93.000000 35778.292876
94.000000 27608.040987
95.000000 20814.412995
96.000000 17676.402389
97.000000 20204.131569
98.000000 26660.162673
99.000000 34779.669275
100.000000 42801.482967
101.000000 50117.825100
102.000000 56631.650488
103.000000 62344.569785
104.000000 64634.704279
105.000000 64717.059216
106.000000 89708.464386
107.000000 87974.687931
108.000000 87835.499794
109.000000 86254.790565
110.000000 85783.318642
111.000000 87593.357603
112.000000 86500.943124
113.000000 82055.995944
114.000000 79692.837061
115.000000 83952.208323
116.000000 87582.296649
117.000000 88252.517858
118.000000 87181.804974
119.000000 83298.322844
120.000000 76554.647087
121.000000 70263.581767
122.000000 72179.463049
123.000000 79114.288696
124.000000 84952.374875
125.000000 87695.541052
126.000000 87799.165689
127.000000 84880.520984
128.000000 82767.688734
129.000000 85943.140984
130.000000 87719.331549
131.000000 88367.771721
132.000000 88711.720761
133.000000 86710.547952
134.000000 82230.943565
135.000000 75497.222269
136.000000 73891.704021
137.000000 63707.241464
138.000000 56752.942502
139.000000 63619.594883
140.000000 73798.869122
141.000000 82878.160548
142.000000 89478.226783
143.000000 93846.895449
144.000000 95686.832361
145.000000 95140.592575
146.000000 94488.865974
147.000000 92790.338219
148.000000 89369.549304
149.000000 91492.765151
150.000000 94333.425601
151.000000 94262.094375
152.000000 91596.684807
153.000000 85926.902425
154.000000 78276.926697
155.000000 75813.653868
156.000000 82889.893687
157.000000 89774.657792
158.000000 93359.591822
159.000000 94340.267488
160.000000 93557.172480
161.000000 90143.960999
162.000000 85202.249217
163.000000 87754.001046
164.000000 92529.781617
165.000000 93461.400565
166.000000 98409.535012
167.000000 98918.121476
168.000000 100805.725974
169.000000 100706.193244
170.000000 102402.209487
171.000000 102804.434257
172.000000 102705.616436
173.000000 100943.724679
174.000000 96442.163681
175.000000 89781.679871
176.000000 80929.103070
177.000000 69926.074629
178.000000 56737.844167
179.000000 42995.655910
180.000000 34678.518527
181.000000 42954.640077
182.000000 56693.860749
183.000000 69889.129507
184.000000 80899.517637
185.000000 89772.347238
186.000000 96564.189777
187.000000 101186.958088
188.000000 103048.429560
189.000000 103316.030747
190.000000 102556.668248
191.000000 101449.180378
192.000000 100839.530730
193.000000 100653.325463
194.000000 97967.766950
195.000000 99021.004703
196.000000 107756.852199
197.000000 106769.282345
198.000000 102108.098718
199.000000 97974.313863
200.000000 102298.875565
201.000000 106707.040712
202.000000 108213.038380
203.000000 108750.409956
204.000000 107840.838632
205.000000 104812.959316
206.000000 98548.649531
207.000000 90869.800990
208.000000 88146.657712
209.000000 95080.190916
210.000000 102371.743861
211.000000 106940.992169
212.000000 109100.481461
213.000000 108942.708468
214.000000 107212.179419
215.000000 103421.124684
216.000000 103283.132181
217.000000 107146.188466
218.000000 108497.797582
219.000000 107927.589078
220.000000 109611.485740
221.000000 110174.064112
222.000000 109834.303854
223.000000 106689.929514
224.000000 101691.281908
225.000000 94388.473682
226.000000 76275.618283
227.000000 65925.045243
228.000000 58589.298509
229.000000 64686.517576
230.000000 74955.347527
231.000000 84606.675913
232.000000 92448.930054
233.000000 97996.558254
234.000000 101715.958298
235.000000 102531.802201
236.000000 102122.297055
237.000000 100508.185155
238.000000 100841.932858
239.000000 99828.090427
240.000000 96166.370628
241.000000 95464.810104
242.000000 99271.526971
243.000000 101510.760449
244.000000 101845.503370
245.000000 99885.193265
246.000000 95321.170126
247.000000 88407.879478
248.000000 81932.282312
249.000000 83109.104341
250.000000 89998.602774
251.000000 96636.248729
252.000000 100576.475657
253.000000 101848.189179
254.000000 101360.234999
255.000000 100120.924116
256.000000 89604.753663
257.000000 85491.606796
258.000000 88401.342042
259.000000 93132.555807
260.000000 94914.005708
261.000000 93206.780023
262.000000 91977.308046
263.000000 94147.176367
264.000000 94563.074261
265.000000 95061.218985
266.000000 96476.525034
267.000000 97445.320450
268.000000 97480.013655
269.000000 95438.276169
270.000000 89743.900762
271.000000 82622.658538
272.000000 74215.192085
273.000000 64075.159496
274.000000 52428.516401
275.000000 40994.136998
276.000000 34055.443604
277.000000 39801.758078
278.000000 50958.486547
279.000000 62724.734155
280.000000 73067.539279
281.000000 81702.407802
282.000000 88873.037196
283.000000 94780.923023
284.000000 97021.112562
285.000000 97030.797708
286.000000 113927.245171
287.000000 112396.174328
288.000000 112303.516112
289.000000 110887.720635
290.000000 110449.967572
291.000000 112089.105755
292.000000 111104.478612
293.000000 107026.209463
294.000000 104797.595752
295.000000 108782.894696
296.000000 112075.522650
297.000000 112649.253341
298.000000 111738.353841
299.000000 108196.186754
300.000000 101825.521149
301.000000 95594.547501
302.000000 97522.665755
303.000000 104276.464840
304.000000 109710.948680
305.000000 112163.394098
306.000000 112263.895100
307.000000 109609.175744
308.000000 107649.643842
309.000000 110582.002750
310.000000 112170.895759
311.000000 112731.366143
312.000000 113086.981931
313.000000 111327.919005
314.000000 107246.225214
315.000000 100840.379258
316.000000 104669.656610
317.000000 94292.056834
318.000000 86544.599098
319.000000 94184.407030
320.000000 104573.745592
321.000000 113070.737819
322.000000 118836.537325
323.000000 122446.450574
324.000000 123915.747954
325.000000 123447.557043
326.000000 122951.439514
327.000000 121556.611151
328.000000 118650.581262
329.000000 120456.517727
330.000000 122830.764605
331.000000 122785.814945
332.000000 120608.623873
333.000000 115746.615560
334.000000 108812.010120
335.000000 106470.291256
336.000000 113043.720409
337.000000 119067.033774
338.000000 122056.565210
339.000000 122831.841379
340.000000 122216.930073
341.000000 119368.505654
342.000000 115091.668388
343.000000 117321.508027
344.000000 121367.562226
345.000000 122135.486704
346.000000 77429.224457
347.000000 77938.271824
348.000000 79893.496581
349.000000 79801.296570
350.000000 81593.073789
351.000000 82021.490303
352.000000 81888.007068
353.000000 79982.527348
354.000000 75294.377771
355.000000 68626.808207
356.000000 60119.134821
357.000000 50113.577480
358.000000 38938.187301
359.000000 28352.329033
