0.000000 110.154988
1.000000 204.740140
2.000000 385.299396
3.000000 558.811170
4.000000 705.623681
5.000000 827.637534
6.000000 916.083619
7.000000 897.659991
8.000000 877.575760
9.000000 886.089704
10.000000 885.287168
11.000000 878.103048
12.000000 884.916875
13.000000 892.247148
14.000000 785.784456
15.000000 816.647504
16.000000 622.558940
17.000000 629.116747
18.000000 550.779425
19.000000 462.590490
20.000000 552.693568
21.000000 604.362299
22.000000 616.597570
23.000000 624.097633
24.000000 620.664401
25.000000 631.529677
26.000000 529.249940
27.000000 372.757689
28.000000 318.771604
29.000000 461.743689
30.000000 597.937637
31.000000 619.257776
32.000000 624.553187
33.000000 611.375106
34.000000 591.461731
35.000000 523.793527
36.000000 522.503248
37.000000 603.672917
38.000000 603.133037
39.000000 552.237166
40.000000 622.329559
41.000000 622.207942
42.000000 623.520217
43.000000 604.823969
44.000000 602.817934
45.000000 511.083689
46.000000 332.767828
47.000000 197.376151
48.000000 116.225307
49.000000 185.401491
50.000000 320.937285
51.000000 450.808192
52.000000 560.367965
53.000000 609.349316
54.000000 574.953121
55.000000 565.878521
56.000000 582.458254
57.000000 551.383955
58.000000 599.474347
59.000000 592.659613
60.000000 481.991377
61.000000 463.211079
62.000000 569.038206
63.000000 588.521317
64.000000 592.679801
65.000000 635.025214
66.000000 564.073534
67.000000 431.199806
68.000000 308.649824
69.000000 332.503098
70.000000 465.028593
71.000000 592.323175
72.000000 650.309311
73.000000 593.216818
74.000000 584.424565
75.000000 608.627970
76.000000 579.545662
77.000000 474.909060
78.000000 552.650687
79.000000 680.495201
80.000000 717.400673
81.000000 638.687182
82.000000 603.251600
83.000000 661.432507
84.000000 647.877256
85.000000 635.269981
86.000000 648.086467
87.000000 683.743801
88.000000 781.472082
89.000000 780.050753
90.000000 694.398696
91.000000 600.152222
92.000000 494.215465
93.000000 373.636466
94.000000 242.726284
95.000000 128.835023
96.000000 82.512321
97.000000 122.001805
98.000000 231.689128
99.000000 362.481432
100.000000 483.847194
101.000000 591.213610
102.000000 685.400670
103.000000 772.575611
104.000000 761.609572
105.000000 664.964895
106.000000 969.475277
107.000000 944.814548
108.000000 980.111964
109.000000 949.740422
110.000000 936.749581
111.000000 1015.448776
112.000000 1008.621627
113.000000 917.554135
114.000000 877.393191
115.000000 960.963437
116.000000 1065.034316
117.000000 1141.969547
118.000000 1082.313339
119.000000 984.386225
120.000000 881.699690
121.000000 802.494610
122.000000 828.420364
123.000000 921.279918
124.000000 1024.871952
125.000000 1115.273277
126.000000 1177.282180
127.000000 1186.241094
128.000000 1183.326758
129.000000 1179.269176
130.000000 1183.947140
131.000000 1186.139864
132.000000 1162.693323
133.000000 1097.804473
134.000000 1008.558619
135.000000 909.872107
136.000000 905.443566
137.000000 815.568736
138.000000 759.252968
139.000000 805.809287
140.000000 893.005643
141.000000 993.300688
142.000000 1091.868728
143.000000 1180.182901
144.000000 1248.453745
145.000000 1275.730037
146.000000 1275.567238
147.000000 1270.171575
148.000000 1276.252214
149.000000 1277.784380
150.000000 1277.784380
151.000000 1277.784380
152.000000 1277.784380
153.000000 1277.784380
154.000000 1277.784380
155.000000 1277.784380
156.000000 1277.784380
157.000000 1277.784380
158.000000 1277.784380
159.000000 1277.784380
160.000000 1277.784380
161.000000 1277.784380
162.000000 1277.784380
163.000000 1277.784380
164.000000 1277.784380
165.000000 1277.784380
166.000000 1364.399620
167.000000 1356.260083
168.000000 1352.671486
169.000000 1357.872707
170.000000 1363.965565
171.000000 1360.384799
172.000000 1336.980895
173.000000 1285.980424
174.000000 1205.927957
175.000000 1117.010140
176.000000 1022.276705
177.000000 924.775091
178.000000 832.507488
179.000000 755.475890
180.000000 711.414178
181.000000 755.475890
182.000000 832.507488
183.000000 924.775091
184.000000 1022.276705
185.000000 1117.010140
186.000000 1205.927957
187.000000 1285.980424
188.000000 1336.980895
189.000000 1360.384799
190.000000 1363.965565
191.000000 1357.872707
192.000000 1352.671486
193.000000 1356.260083
194.000000 1364.399620
195.000000 1364.399620
196.000000 1440.555464
197.000000 1440.555464
198.000000 1440.555464
199.000000 1440.555464
200.000000 1440.555464
201.000000 1440.555464
202.000000 1440.555464
203.000000 1440.555464
204.000000 1440.555464
205.000000 1440.555464
206.000000 1440.555464
207.000000 1440.555464
208.000000 1440.555464
209.000000 1440.555464
210.000000 1440.555464
211.000000 1440.555464
212.000000 1440.555464
213.000000 1440.555464
214.000000 1440.555464
215.000000 1440.555464
216.000000 1440.555464
217.000000 1440.555464
218.000000 1433.176312
219.000000 1435.262855
220.000000 1440.489184
221.000000 1432.230944
222.000000 1395.040881
223.000000 1322.831659
224.000000 1238.772153
225.000000 1144.482520
226.000000 933.063902
227.000000 846.924235
228.000000 795.106885
229.000000 843.372335
230.000000 928.499799
231.000000 1026.757990
232.000000 1124.845817
233.000000 1213.204432
234.000000 1290.986022
235.000000 1332.372084
236.000000 1342.343605
237.000000 1337.031772
238.000000 1334.309084
239.000000 1342.274797
240.000000 1342.360891
241.000000 1342.360891
242.000000 1342.360891
243.000000 1342.360891
244.000000 1342.360891
245.000000 1342.360891
246.000000 1342.360891
247.000000 1342.360891
248.000000 1342.360891
249.000000 1342.360891
250.000000 1342.360891
251.000000 1342.360891
252.000000 1342.360891
253.000000 1342.360891
254.000000 1342.360891
255.000000 1342.360891
256.000000 1267.901748
257.000000 1267.901748
258.000000 1267.901748
259.000000 1267.901748
260.000000 1267.901748
261.000000 1267.901748
262.000000 1267.901748
263.000000 1259.678286
264.000000 1255.541417
265.000000 1260.790698
266.000000 1267.332190
267.000000 1264.095006
268.000000 1240.402120
269.000000 1188.183723
270.000000 1106.038727
271.000000 1014.672466
272.000000 918.501078
273.000000 820.329288
274.000000 728.177098
275.000000 651.641365
276.000000 606.685390
277.000000 647.090665
278.000000 722.061572
279.000000 813.441757
280.000000 911.464091
281.000000 1008.018401
282.000000 1099.323847
283.000000 1183.251167
284.000000 1237.686928
285.000000 1263.196471
286.000000 1481.051764
287.000000 1475.579148
288.000000 1470.646342
289.000000 1473.661722
290.000000 1481.369611
291.000000 1481.369611
292.000000 1481.369611
293.000000 1481.369611
294.000000 1481.369611
295.000000 1481.369611
296.000000 1481.369611
297.000000 1481.369611
298.000000 1481.369611
299.000000 1481.369611
300.000000 1481.369611
301.000000 1481.369611
302.000000 1481.369611
303.000000 1481.369611
304.000000 1481.369611
305.000000 1481.369611
306.000000 1481.369611
307.000000 1481.369611
308.000000 1480.280783
309.000000 1474.686187
310.000000 1479.261221
311.000000 1479.819858
312.000000 1456.815910
313.000000 1397.279978
314.000000 1317.705463
315.000000 1227.005126
316.000000 1301.345847
317.000000 1222.807754
318.000000 1177.380932
319.000000 1227.420030
320.000000 1307.015068
321.000000 1393.501207
322.000000 1474.298919
323.000000 1544.160489
324.000000 1594.015839
325.000000 1612.151734
326.000000 1610.908994
327.000000 1607.286937
328.000000 1610.208323
329.000000 1612.470805
330.000000 1605.535300
331.000000 1558.991196
332.000000 1489.249831
333.000000 1405.695606
334.000000 1327.376804
335.000000 1305.506391
336.000000 1373.692430
337.000000 1458.060640
338.000000 1534.743705
339.000000 1579.075238
340.000000 1520.572881
341.000000 1438.406403
342.000000 1369.764705
343.000000 1403.869481
344.000000 1477.372829
345.000000 1482.832595
346.000000 858.104142
347.000000 870.780140
348.000000 902.055126
349.000000 865.771733
350.000000 890.318354
351.000000 879.498376
352.000000 872.420520
353.000000 882.713620
354.000000 908.557511
355.000000 827.584473
356.000000 705.623681
357.000000 558.811170
358.000000 385.299396
359.000000 204.740140
