0.000000 207.256922
1.000000 262.541469
2.000000 365.964069
3.000000 494.947669
4.000000 628.064919
5.000000 753.021189
6.000000 850.618171
7.000000 831.726900
8.000000 810.009937
9.000000 819.780726
10.000000 819.031333
11.000000 811.083909
12.000000 818.272962
13.000000 824.804241
14.000000 709.491895
15.000000 742.181209
16.000000 562.995962
17.000000 568.989564
18.000000 498.491390
19.000000 426.644263
20.000000 500.203565
21.000000 546.280170
22.000000 557.367456
23.000000 564.517576
24.000000 561.322803
25.000000 571.207145
26.000000 480.568400
27.000000 362.471824
28.000000 327.517154
29.000000 426.548025
30.000000 540.289155
31.000000 560.002719
32.000000 564.778957
33.000000 552.447922
34.000000 534.479949
35.000000 475.550878
36.000000 474.463020
37.000000 545.502086
38.000000 544.909722
39.000000 499.291922
40.000000 562.315493
41.000000 562.769376
42.000000 563.612208
43.000000 546.592195
44.000000 545.055072
45.000000 466.505056
46.000000 340.282038
47.000000 262.098339
48.000000 213.446904
49.000000 255.689758
50.000000 333.027080
51.000000 421.952127
52.000000 510.489908
53.000000 553.880665
54.000000 522.791525
55.000000 514.956701
56.000000 529.786322
57.000000 502.434161
58.000000 544.945402
59.000000 538.525809
60.000000 444.313202
61.000000 429.548669
62.000000 517.490182
63.000000 535.060927
64.000000 538.692362
65.000000 577.669059
66.000000 513.363456
67.000000 406.173843
68.000000 322.987642
69.000000 338.041385
70.000000 431.807907
71.000000 538.357538
72.000000 592.058875
73.000000 539.148563
74.000000 531.384820
75.000000 553.194014
76.000000 522.924948
77.000000 435.755473
78.000000 499.494251
79.000000 616.654439
80.000000 653.593785
81.000000 577.755969
82.000000 545.366727
83.000000 599.206745
84.000000 586.203563
85.000000 574.479254
86.000000 586.481858
87.000000 620.246799
88.000000 718.351925
89.000000 716.205361
90.000000 629.811502
91.000000 542.022091
92.000000 453.050868
93.000000 365.596621
94.000000 286.849349
95.000000 223.032577
96.000000 178.448884
97.000000 218.387485
98.000000 280.757070
99.000000 358.232417
100.000000 444.915738
101.000000 534.095087
102.000000 621.097892
103.000000 708.493749
104.000000 697.813293
105.000000 602.235881
106.000000 910.645159
107.000000 882.756044
108.000000 922.495437
109.000000 888.241895
110.000000 873.940548
111.000000 963.255107
112.000000 955.432058
113.000000 852.836359
114.000000 809.134345
115.000000 901.142846
116.000000 1021.038500
117.000000 1112.930571
118.000000 1041.479335
119.000000 927.763168
120.000000 813.978622
121.000000 730.640793
122.000000 757.463913
123.000000 857.112142
124.000000 974.213415
125.000000 1080.753923
126.000000 1155.655327
127.000000 1166.488921
128.000000 1162.959367
129.000000 1157.992510
130.000000 1163.698985
131.000000 1166.392020
132.000000 1137.843774
133.000000 1059.838014
134.000000 955.461390
135.000000 844.786561
136.000000 839.642419
137.000000 744.822121
138.000000 688.109988
139.000000 734.838919
140.000000 826.220966
141.000000 936.968675
142.000000 1050.891409
143.000000 1156.517924
144.000000 1239.987908
145.000000 1273.681372
146.000000 1273.469803
147.000000 1266.789853
148.000000 1274.328032
149.000000 1276.221754
150.000000 1276.221754
151.000000 1276.221754
152.000000 1276.221754
153.000000 1276.221754
154.000000 1276.221754
155.000000 1276.221754
156.000000 1276.221754
157.000000 1276.221754
158.000000 1276.221754
159.000000 1276.221754
160.000000 1276.221754
161.000000 1276.221754
162.000000 1276.221754
163.000000 1276.221754
164.000000 1276.221754
165.000000 1276.221754
166.000000 1381.737619
167.000000 1371.596653
168.000000 1367.157865
169.000000 1373.634633
170.000000 1381.203727
171.000000 1376.719687
172.000000 1347.599043
173.000000 1284.492691
174.000000 1186.675800
175.000000 1080.417273
176.000000 970.678879
177.000000 862.289404
178.000000 764.657773
179.000000 687.274604
180.000000 644.840263
181.000000 687.274604
182.000000 764.657773
183.000000 862.289404
184.000000 970.678879
185.000000 1080.417273
186.000000 1186.675800
187.000000 1284.492691
188.000000 1347.599043
189.000000 1376.719687
190.000000 1381.203727
191.000000 1373.634633
192.000000 1367.157865
193.000000 1371.596653
194.000000 1381.737619
195.000000 1381.737619
196.000000 1475.262466
197.000000 1475.262466
198.000000 1475.262466
199.000000 1475.262466
200.000000 1475.262466
201.000000 1475.262466
202.000000 1475.262466
203.000000 1475.262466
204.000000 1475.262466
205.000000 1475.262466
206.000000 1475.262466
207.000000 1475.262466
208.000000 1475.262466
209.000000 1475.262466
210.000000 1475.262466
211.000000 1475.262466
212.000000 1475.262466
213.000000 1475.262466
214.000000 1475.262466
215.000000 1475.262466
216.000000 1475.262466
217.000000 1475.262466
218.000000 1466.112797
219.000000 1468.700401
220.000000 1475.180346
221.000000 1464.939951
222.000000 1418.847933
223.000000 1329.698893
224.000000 1227.075303
225.000000 1114.272410
226.000000 870.650972
227.000000 778.708910
228.000000 725.623393
229.000000 775.014813
230.000000 865.670147
231.000000 975.378245
232.000000 1089.552963
233.000000 1195.664115
234.000000 1291.042912
235.000000 1342.345376
236.000000 1354.750808
237.000000 1348.142879
238.000000 1344.755719
239.000000 1354.664324
240.000000 1354.772233
241.000000 1354.772233
242.000000 1354.772233
243.000000 1354.772233
244.000000 1354.772233
245.000000 1354.772233
246.000000 1354.772233
247.000000 1354.772233
248.000000 1354.772233
249.000000 1354.772233
250.000000 1354.772233
251.000000 1354.772233
252.000000 1354.772233
253.000000 1354.772233
254.000000 1354.772233
255.000000 1354.772233
256.000000 1264.275718
257.000000 1264.275718
258.000000 1264.275718
259.000000 1264.275718
260.000000 1264.275718
261.000000 1264.275718
262.000000 1264.275718
263.000000 1254.078641
264.000000 1249.014102
265.000000 1255.515970
266.000000 1263.584246
267.000000 1259.526925
268.000000 1230.227443
269.000000 1166.292601
270.000000 1067.663751
271.000000 961.352065
272.000000 853.929009
273.000000 749.836088
274.000000 657.912461
275.000000 586.263147
276.000000 546.304985
277.000000 582.144992
278.000000 652.025502
279.000000 742.763879
280.000000 846.271460
281.000000 953.761379
282.000000 1059.721630
283.000000 1160.299473
284.000000 1226.881885
285.000000 1258.411234
286.000000 1525.044840
287.000000 1518.299169
288.000000 1512.214096
289.000000 1515.929376
290.000000 1525.435747
291.000000 1525.435747
292.000000 1525.435747
293.000000 1525.435747
294.000000 1525.435747
295.000000 1525.435747
296.000000 1525.435747
297.000000 1525.435747
298.000000 1525.435747
299.000000 1525.435747
300.000000 1525.435747
301.000000 1525.435747
302.000000 1525.435747
303.000000 1525.435747
304.000000 1525.435747
305.000000 1525.435747
306.000000 1525.435747
307.000000 1525.435747
308.000000 1524.093802
309.000000 1517.194385
310.000000 1522.835869
311.000000 1523.525517
312.000000 1495.149119
313.000000 1421.687320
314.000000 1323.930359
315.000000 1213.911963
316.000000 1310.615669
317.000000 1217.353736
318.000000 1164.136345
319.000000 1222.789482
320.000000 1317.398961
321.000000 1421.483846
322.000000 1519.242615
323.000000 1603.536333
324.000000 1663.180468
325.000000 1684.707006
326.000000 1683.237687
327.000000 1678.945760
328.000000 1682.405484
329.000000 1685.088431
330.000000 1676.856158
331.000000 1621.328990
332.000000 1537.330807
333.000000 1436.259225
334.000000 1341.871886
335.000000 1315.664355
336.000000 1397.609300
337.000000 1499.609829
338.000000 1592.208236
339.000000 1645.346429
340.000000 1575.149353
341.000000 1475.850804
342.000000 1392.911644
343.000000 1434.083470
344.000000 1522.978082
345.000000 1529.585685
346.000000 789.658809
347.000000 803.143249
348.000000 837.216527
349.000000 797.720311
350.000000 824.526275
351.000000 812.599835
352.000000 804.347998
353.000000 815.263423
354.000000 842.390736
355.000000 752.968730
356.000000 628.064919
357.000000 494.947669
358.000000 365.964069
359.000000 262.541469
