0.000000 25485.808560
1.000000 29719.788126
2.000000 37551.344411
3.000000 46119.872800
4.000000 54602.315020
5.000000 62569.059851
6.000000 69570.495025
7.000000 74576.796251
8.000000 76862.383602
9.000000 77335.466230
10.000000 76498.924696
11.000000 75266.588472
12.000000 74513.516908
13.000000 74318.014993
14.000000 71539.261387
15.000000 72635.887339
16.000000 55504.647456
17.000000 54609.952994
18.000000 50694.547530
19.000000 47508.252577
20.000000 50852.011263
21.000000 54547.494736
22.000000 55989.054532
23.000000 56624.395641
24.000000 55430.478309
25.000000 52814.820670
26.000000 47732.718509
27.000000 42516.534481
28.000000 40929.401046
29.000000 45126.699888
30.000000 50797.429636
31.000000 54614.872271
32.000000 56843.073782
33.000000 56706.119106
34.000000 55152.989877
35.000000 51955.658515
36.000000 51853.348396
37.000000 55107.397245
38.000000 56260.329075
39.000000 55977.997355
40.000000 57506.948021
41.000000 57992.974488
42.000000 57437.644818
43.000000 54250.857171
44.000000 50095.368382
45.000000 44422.052120
46.000000 35676.484521
47.000000 30554.190362
48.000000 27563.219696
49.000000 30026.024787
50.000000 34980.741901
51.000000 40141.346343
52.000000 45610.959054
53.000000 49931.986827
54.000000 52983.972250
55.000000 53903.798670
56.000000 53645.831722
57.000000 52263.229781
58.000000 52438.761189
59.000000 51650.038606
60.000000 48688.447518
61.000000 48166.104366
62.000000 51172.640571
63.000000 53016.329639
64.000000 53242.128249
65.000000 51579.958671
66.000000 47915.388162
67.000000 42882.412913
68.000000 39157.311740
69.000000 39817.770490
70.000000 43883.850249
71.000000 48954.632734
72.000000 52129.062441
73.000000 53281.093456
74.000000 52879.560703
75.000000 51830.328736
76.000000 53336.631529
77.000000 50107.617357
78.000000 52371.510158
79.000000 56183.373420
80.000000 57699.938979
81.000000 56410.095272
82.000000 55421.805140
83.000000 57134.324904
84.000000 57507.113719
85.000000 58098.178690
86.000000 59332.267900
87.000000 60250.271707
88.000000 60057.046386
89.000000 57747.756687
90.000000 52825.435139
91.000000 47331.086654
92.000000 41098.840514
93.000000 35315.470559
94.000000 29048.465026
95.000000 24086.772859
96.000000 20885.677099
97.000000 23550.932815
98.000000 28368.113295
99.000000 34591.102680
100.000000 40292.395745
101.000000 46636.255293
102.000000 52138.353862
103.000000 57103.889828
104.000000 59582.662409
105.000000 59848.090368
106.000000 85082.782489
107.000000 83231.194410
108.000000 82939.728789
109.000000 81329.728469
110.000000 80904.242538
111.000000 82650.763651
112.000000 81434.156682
113.000000 76880.828594
114.000000 74480.560334
115.000000 78806.137437
116.000000 82590.483840
117.000000 83468.631382
118.000000 82088.495535
119.000000 77927.504009
120.000000 70999.442133
121.000000 65142.856133
122.000000 66839.122968
123.000000 73621.171376
124.000000 79648.789633
125.000000 82741.414461
126.000000 82863.582126
127.000000 79868.321440
128.000000 77708.650881
129.000000 80927.416082
130.000000 82850.529634
131.000000 83661.601530
132.000000 83904.577811
133.000000 81515.607412
134.000000 76634.399954
135.000000 69665.276805
136.000000 67957.854738
137.000000 58893.288514
138.000000 53138.727345
139.000000 58823.166192
140.000000 67860.740847
141.000000 77252.211797
142.000000 84373.414946
143.000000 89507.721441
144.000000 91738.837031
145.000000 91182.617455
146.000000 90377.525487
147.000000 88402.504398
148.000000 84823.575649
149.000000 87013.711650
150.000000 90171.644029
151.000000 90060.795204
152.000000 86915.468757
153.000000 80705.121684
154.000000 72843.774856
155.000000 70525.972834
156.000000 77567.054734
157.000000 84799.000305
158.000000 88991.172051
159.000000 90207.908959
160.000000 89253.984730
161.000000 85373.702592
162.000000 80291.424316
163.000000 82900.063051
164.000000 88039.677796
165.000000 89146.641521
166.000000 94933.069255
167.000000 95502.324576
168.000000 97721.959669
169.000000 97672.037991
170.000000 99669.929806
171.000000 100162.227976
172.000000 100016.718407
173.000000 97791.481297
174.000000 92252.387484
175.000000 84294.383510
176.000000 74646.414905
177.000000 63198.563802
178.000000 51684.788413
179.000000 41018.837554
180.000000 34974.895431
181.000000 40990.808610
182.000000 51647.563752
183.000000 63160.177545
184.000000 74615.250296
185.000000 84282.270525
186.000000 92392.542979
187.000000 98079.255158
188.000000 100425.809571
189.000000 100765.491493
190.000000 99859.411815
191.000000 98543.350234
192.000000 97792.716640
193.000000 97534.107524
194.000000 94433.474085
195.000000 95638.781208
196.000000 106094.496162
197.000000 104860.968884
198.000000 99247.558321
199.000000 94521.427408
200.000000 99472.618334
201.000000 104786.486180
202.000000 106648.818280
203.000000 107324.080501
204.000000 106168.225194
205.000000 102407.129528
206.000000 94861.851116
207.000000 86391.648817
208.000000 83536.099079
209.000000 90872.569210
210.000000 99424.251342
211.000000 105063.540446
212.000000 107712.774711
213.000000 107541.955810
214.000000 105419.032547
215.000000 100909.901990
216.000000 100754.838367
217.000000 105338.819340
218.000000 106987.507183
219.000000 106352.911869
220.000000 108382.601333
221.000000 109056.374478
222.000000 108582.465749
223.000000 104722.016629
224.000000 98513.786520
225.000000 89753.628671
226.000000 70430.959309
227.000000 61146.224747
228.000000 55103.107805
229.000000 60066.599728
230.000000 69092.997971
231.000000 79053.351628
232.000000 87637.849053
233.000000 94244.435924
234.000000 98801.665265
235.000000 99862.691955
236.000000 99367.153206
237.000000 97494.592109
238.000000 97808.192311
239.000000 96583.932509
240.000000 92406.663472
241.000000 91638.582523
242.000000 95928.541879
243.000000 98602.603066
244.000000 99018.616502
245.000000 96575.047732
246.000000 91139.391045
247.000000 83552.225683
248.000000 76936.739313
249.000000 78132.937817
250.000000 85205.271444
251.000000 92684.043421
252.000000 97415.465037
253.000000 99045.381051
254.000000 98442.175899
255.000000 96895.142902
256.000000 84926.614688
257.000000 80740.626163
258.000000 83696.875722
259.000000 88746.888779
260.000000 90837.558112
261.000000 88953.833148
262.000000 87714.364445
263.000000 89962.264179
264.000000 90446.364037
265.000000 91091.296701
266.000000 92711.718436
267.000000 93840.895934
268.000000 93813.277471
269.000000 91305.247568
270.000000 84562.362681
271.000000 76721.916848
272.000000 68000.385914
273.000000 58235.521961
274.000000 48250.812982
275.000000 39792.115046
276.000000 34749.046468
277.000000 38891.287688
278.000000 47041.420044
279.000000 57080.111463
280.000000 66814.240467
281.000000 75761.922320
282.000000 83543.545560
283.000000 90523.316691
284.000000 93266.559941
285.000000 93356.002679
286.000000 113784.839995
287.000000 111896.691999
288.000000 111741.983056
289.000000 110043.599995
290.000000 109549.622280
291.000000 111482.559870
292.000000 110259.109808
293.000000 105310.687636
294.000000 102691.794693
295.000000 107411.938766
296.000000 111443.655255
297.000000 112168.939920
298.000000 110977.612324
299.000000 106597.920148
300.000000 98893.755014
301.000000 91889.704826
302.000000 93951.594645
303.000000 101809.698714
304.000000 108482.696895
305.000000 111515.734623
306.000000 111680.747879
307.000000 108460.325653
308.000000 106120.098446
309.000000 109628.491787
310.000000 111585.426141
311.000000 112319.878279
312.000000 112681.686483
313.000000 110414.691969
314.000000 105371.948614
315.000000 97445.855714
316.000000 101989.296749
317.000000 90001.724797
318.000000 81988.351587
319.000000 89880.376594
320.000000 101869.395211
321.000000 112429.316396
322.000000 119750.730741
323.000000 124590.824159
324.000000 126277.928361
325.000000 125565.236394
326.000000 125029.095415
327.000000 123207.653516
328.000000 119620.428247
329.000000 121813.122587
330.000000 124859.476162
331.000000 125000.931454
332.000000 122044.991274
333.000000 115857.502942
334.000000 107381.151677
335.000000 104597.074166
336.000000 112528.257817
337.000000 120032.033394
338.000000 123996.262005
339.000000 124919.743154
340.000000 124120.008441
341.000000 120441.119699
342.000000 115212.434061
343.000000 117923.050833
344.000000 122984.121374
345.000000 124023.454413
346.000000 71991.133380
347.000000 72473.367331
348.000000 74467.680530
349.000000 74442.242250
350.000000 76330.396382
351.000000 76752.949085
352.000000 76485.069129
353.000000 74312.187521
354.000000 69442.292312
355.000000 62578.309530
356.000000 54625.524456
357.000000 46147.795015
358.000000 37576.267169
359.000000 29737.157872
