0.000000 26970.229638
1.000000 31112.853033
2.000000 38566.520519
3.000000 46596.696368
4.000000 54521.299930
5.000000 62166.677916
6.000000 69095.844003
7.000000 74165.619535
8.000000 76505.782562
9.000000 76999.075435
10.000000 76126.037356
11.000000 74836.055390
12.000000 74062.351865
13.000000 73882.827211
14.000000 70997.508384
15.000000 72137.393935
16.000000 55386.714737
17.000000 54515.069759
18.000000 50662.722682
19.000000 47484.873708
20.000000 50817.104716
21.000000 54453.117319
22.000000 55863.939079
23.000000 56500.234022
24.000000 55321.431149
25.000000 52772.634466
26.000000 47855.182831
27.000000 42762.063908
28.000000 41273.805863
29.000000 45287.669962
30.000000 50813.787464
31.000000 54533.684891
32.000000 56737.010739
33.000000 56593.696396
34.000000 55061.153046
35.000000 51884.489185
36.000000 51782.504929
37.000000 55018.433286
38.000000 56153.566637
39.000000 55861.726157
40.000000 57406.529519
41.000000 57890.987547
42.000000 57345.040985
43.000000 54192.474252
44.000000 50146.187150
45.000000 44727.949144
46.000000 36340.467660
47.000000 31356.503456
48.000000 28427.033587
49.000000 30835.249815
50.000000 35693.280714
51.000000 40505.805011
52.000000 45787.891934
53.000000 49950.430475
54.000000 52946.051555
55.000000 53850.911033
56.000000 53585.126055
57.000000 52186.317416
58.000000 52380.237251
59.000000 51611.476128
60.000000 48666.526990
61.000000 48135.628748
62.000000 51137.603330
63.000000 52956.782249
64.000000 53189.547516
65.000000 51550.900434
66.000000 47986.617212
67.000000 43057.957565
68.000000 39493.238058
69.000000 40127.608973
70.000000 44027.679071
71.000000 48997.205168
72.000000 52090.087872
73.000000 53222.629695
74.000000 52813.629448
75.000000 51788.695539
76.000000 53232.253150
77.000000 49983.008956
78.000000 52264.714377
79.000000 56079.614776
80.000000 57585.477947
81.000000 56247.738999
82.000000 55229.979118
83.000000 56994.852320
84.000000 57375.340985
85.000000 57975.035051
86.000000 59233.909991
87.000000 60166.980319
88.000000 59966.914490
89.000000 57658.300281
90.000000 52814.419999
91.000000 47503.488737
92.000000 41614.168137
93.000000 36114.516442
94.000000 30348.637818
95.000000 25289.737248
96.000000 21973.830410
97.000000 24770.473411
98.000000 29607.452112
99.000000 35449.364540
100.000000 40836.577183
101.000000 46840.763177
102.000000 52143.852461
103.000000 57013.746688
104.000000 59483.743304
105.000000 59754.683567
106.000000 84770.562446
107.000000 82817.423876
108.000000 82518.442335
109.000000 80811.021732
110.000000 80355.911143
111.000000 82226.496507
112.000000 80977.739522
113.000000 76222.926436
114.000000 73722.578145
115.000000 78232.400053
116.000000 82158.819624
117.000000 83075.740517
118.000000 81647.058601
119.000000 77380.514202
120.000000 70293.987537
121.000000 64420.441294
122.000000 66133.082979
123.000000 72964.926222
124.000000 79146.696160
125.000000 82323.769029
126.000000 82448.044823
127.000000 79325.938401
128.000000 77067.293437
129.000000 80436.324017
130.000000 82427.263685
131.000000 83269.220765
132.000000 83528.723040
133.000000 81055.600956
134.000000 76067.649031
135.000000 69048.571481
136.000000 67165.409869
137.000000 58489.973954
138.000000 53024.792167
139.000000 58424.165462
140.000000 67070.895860
141.000000 76403.851021
142.000000 83614.149468
143.000000 88953.874684
144.000000 91288.211498
145.000000 90707.197088
146.000000 89845.329878
147.000000 87782.744258
148.000000 84060.375364
149.000000 86360.831188
150.000000 89628.350718
151.000000 89525.033007
152.000000 86239.151683
153.000000 79878.251261
154.000000 71880.787490
155.000000 69577.355506
156.000000 76665.347081
157.000000 84062.183058
158.000000 88403.759750
159.000000 89680.507109
160.000000 88664.577149
161.000000 84649.923115
162.000000 79357.398329
163.000000 82077.169291
164.000000 87408.747030
165.000000 88561.820672
166.000000 94122.430155
167.000000 94713.517975
168.000000 97074.101673
169.000000 97008.726396
170.000000 99137.466355
171.000000 99655.511797
172.000000 99495.436821
173.000000 97125.871702
174.000000 91306.425866
175.000000 83098.629284
176.000000 73507.303892
177.000000 62444.183779
178.000000 51877.366522
179.000000 42051.951382
180.000000 36225.448831
181.000000 42026.972194
182.000000 51844.108763
183.000000 62408.390427
184.000000 73476.757630
185.000000 83087.125792
186.000000 91456.058838
187.000000 97432.166499
188.000000 99932.238678
189.000000 100300.637588
190.000000 99339.077270
191.000000 97938.222681
192.000000 97141.093928
193.000000 96875.541418
194.000000 93605.992762
195.000000 94861.803035
196.000000 105480.885878
197.000000 104165.244272
198.000000 98200.801993
199.000000 93268.879576
200.000000 98439.329668
201.000000 104084.644439
202.000000 106071.617974
203.000000 106789.563153
204.000000 105565.536096
205.000000 101560.990922
206.000000 93612.520434
207.000000 84903.750884
208.000000 81999.041718
209.000000 89526.503659
210.000000 98406.553607
211.000000 104381.648465
212.000000 107211.540022
213.000000 107026.619993
214.000000 104758.994943
215.000000 99963.537065
216.000000 99798.949835
217.000000 104675.032271
218.000000 106435.001145
219.000000 105751.170818
220.000000 107916.379276
221.000000 108638.806692
222.000000 108133.972926
223.000000 104012.744674
224.000000 97449.755373
225.000000 88338.104682
226.000000 69462.898490
227.000000 60613.598162
228.000000 54795.804355
229.000000 59587.254643
230.000000 68183.471481
231.000000 78009.016559
232.000000 86677.188448
233.000000 93560.396000
234.000000 98362.482006
235.000000 99485.646907
236.000000 98957.582089
237.000000 96960.522296
238.000000 97306.698517
239.000000 96016.687902
240.000000 91609.465071
241.000000 90806.714378
242.000000 95319.505298
243.000000 98151.597964
244.000000 98596.257444
245.000000 96016.885587
246.000000 90304.684505
247.000000 82500.031399
248.000000 75742.733577
249.000000 76922.788412
250.000000 84199.657310
251.000000 91924.998547
252.000000 96904.930858
253.000000 98618.999456
254.000000 97977.313256
255.000000 96348.692201
256.000000 84228.165688
257.000000 79835.349304
258.000000 82934.717230
259.000000 88197.331844
260.000000 90394.469631
261.000000 88416.091308
262.000000 87092.002138
263.000000 89438.507791
264.000000 89987.061756
265.000000 90671.908161
266.000000 92377.482938
267.000000 93560.765787
268.000000 93512.299712
269.000000 90868.798799
270.000000 83834.148104
271.000000 75899.369285
272.000000 67227.132199
273.000000 57900.482222
274.000000 48692.446638
275.000000 40745.030168
276.000000 35736.203291
277.000000 39917.045749
278.000000 47527.094679
279.000000 56812.991245
280.000000 66070.068012
281.000000 74932.005502
282.000000 82782.071740
283.000000 90045.546676
284.000000 92938.225628
285.000000 93044.409131
286.000000 113406.266086
287.000000 111389.043615
288.000000 111227.502766
289.000000 109404.342538
290.000000 108879.823856
291.000000 110962.045942
292.000000 109647.815255
293.000000 104355.176746
294.000000 101569.573291
295.000000 106593.700392
296.000000 110911.705536
297.000000 111684.918199
298.000000 110422.808970
299.000000 105725.369101
300.000000 97563.445843
301.000000 90309.787958
302.000000 92449.861601
303.000000 100643.754649
304.000000 107750.958006
305.000000 110991.416645
306.000000 111164.747070
307.000000 107711.000557
308.000000 105216.453044
309.000000 108958.859033
310.000000 111055.097102
311.000000 111837.480446
312.000000 112229.159337
313.000000 109813.572454
314.000000 104413.654462
315.000000 96058.058913
316.000000 99880.262129
317.000000 87756.231265
318.000000 79926.063686
319.000000 87641.216342
320.000000 99758.005155
321.000000 110977.099384
322.000000 118825.726093
323.000000 124021.466730
324.000000 125875.858064
325.000000 125119.895595
326.000000 124532.478857
327.000000 122582.909286
328.000000 118734.381632
329.000000 121093.238612
330.000000 124352.059025
331.000000 124493.027922
332.000000 121312.192413
333.000000 114671.025863
334.000000 105601.902918
335.000000 102654.408340
336.000000 111070.083804
337.000000 119149.596633
338.000000 123410.547026
339.000000 124440.380594
340.000000 123557.215469
341.000000 119611.992233
342.000000 113997.803226
343.000000 116913.967650
344.000000 122339.577308
345.000000 123462.287158
346.000000 71464.913129
347.000000 71966.483697
348.000000 74032.380242
349.000000 73972.519560
350.000000 75949.079434
351.000000 76385.175238
352.000000 76109.008642
353.000000 73889.738891
354.000000 68960.541364
355.000000 62174.239794
356.000000 54543.079739
357.000000 46621.990287
358.000000 38588.702024
359.000000 31130.956538
