0.000000 205.482978
1.000000 278.158155
2.000000 403.072726
3.000000 522.709248
4.000000 637.178879
5.000000 745.171627
6.000000 834.532091
7.000000 813.193088
8.000000 791.770989
9.000000 800.984037
10.000000 800.221584
11.000000 792.535221
12.000000 799.851369
13.000000 808.833855
14.000000 697.312391
15.000000 729.482080
16.000000 575.581787
17.000000 582.215805
18.000000 518.051801
19.000000 445.019882
20.000000 519.412094
21.000000 560.824048
22.000000 570.070596
23.000000 575.568160
24.000000 573.287706
25.000000 585.735197
26.000000 504.344798
27.000000 392.102641
28.000000 354.308006
29.000000 450.545765
30.000000 559.321720
31.000000 572.868353
32.000000 576.531202
33.000000 566.035211
34.000000 550.527151
35.000000 494.226976
36.000000 493.223282
37.000000 561.163628
38.000000 560.042400
39.000000 517.411308
40.000000 576.301064
41.000000 573.811376
42.000000 575.809597
43.000000 560.860578
44.000000 562.676897
45.000000 489.858355
46.000000 368.218940
47.000000 270.049086
48.000000 206.709277
49.000000 262.476464
50.000000 360.595242
51.000000 445.317466
52.000000 531.713139
53.000000 569.458000
54.000000 537.693343
55.000000 529.422466
56.000000 543.993088
57.000000 516.420728
58.000000 559.312131
59.000000 556.344689
60.000000 461.993200
61.000000 448.188433
62.000000 536.325738
63.000000 549.654503
64.000000 552.728687
65.000000 591.301088
66.000000 534.409702
67.000000 431.156876
68.000000 345.993291
69.000000 363.497577
70.000000 453.264592
71.000000 557.710630
72.000000 603.962005
73.000000 553.140405
74.000000 545.628083
75.000000 569.186019
76.000000 541.886787
77.000000 452.731608
78.000000 518.979494
79.000000 626.431753
80.000000 655.583787
81.000000 587.089613
82.000000 556.085950
83.000000 607.243870
84.000000 595.311038
85.000000 584.169049
86.000000 595.200921
87.000000 625.799094
88.000000 714.029202
89.000000 712.783316
90.000000 638.140003
91.000000 562.005194
92.000000 476.356368
93.000000 395.696964
94.000000 304.792987
95.000000 220.717993
96.000000 160.350197
97.000000 214.289125
98.000000 296.110637
99.000000 388.313495
100.000000 467.792667
101.000000 554.725571
102.000000 630.791745
103.000000 705.147720
104.000000 693.098887
105.000000 609.578030
106.000000 882.767751
107.000000 856.120486
108.000000 894.348847
109.000000 861.555249
110.000000 847.559445
111.000000 932.709044
112.000000 925.438848
113.000000 827.405589
114.000000 784.569722
115.000000 873.892542
116.000000 987.575779
117.000000 1081.828056
118.000000 1008.625976
119.000000 899.438843
120.000000 789.791195
121.000000 705.732395
122.000000 733.239435
123.000000 831.908285
124.000000 943.118901
125.000000 1048.828904
126.000000 1125.169580
127.000000 1136.020279
128.000000 1132.479917
129.000000 1127.371283
130.000000 1133.195926
131.000000 1135.980089
132.000000 1106.854064
133.000000 1027.332402
134.000000 925.668293
135.000000 820.370915
136.000000 808.017978
137.000000 713.211148
138.000000 660.718541
139.000000 702.925668
140.000000 794.871339
141.000000 901.424198
142.000000 1011.188347
143.000000 1119.549157
144.000000 1205.775516
145.000000 1240.930698
146.000000 1240.678260
147.000000 1233.682744
148.000000 1241.608094
149.000000 1243.579853
150.000000 1243.579853
151.000000 1243.579853
152.000000 1243.579853
153.000000 1243.579853
154.000000 1243.579853
155.000000 1243.579853
156.000000 1243.579853
157.000000 1243.579853
158.000000 1243.579853
159.000000 1243.579853
160.000000 1243.579853
161.000000 1243.579853
162.000000 1243.579853
163.000000 1243.579853
164.000000 1243.579853
165.000000 1243.579853
166.000000 1347.219697
167.000000 1336.665869
168.000000 1332.197201
169.000000 1338.918517
170.000000 1346.695232
171.000000 1341.921603
172.000000 1311.814880
173.000000 1245.317884
174.000000 1143.343814
175.000000 1034.261248
176.000000 926.614748
177.000000 823.451325
178.000000 726.875792
179.000000 654.683183
180.000000 617.256356
181.000000 654.683183
182.000000 726.875792
183.000000 823.451325
184.000000 926.614748
185.000000 1034.261248
186.000000 1143.343814
187.000000 1245.317884
188.000000 1311.814880
189.000000 1341.921603
190.000000 1346.695232
191.000000 1338.918517
192.000000 1332.197201
193.000000 1336.665869
194.000000 1347.219697
195.000000 1347.219697
196.000000 1440.740395
197.000000 1440.740395
198.000000 1440.740395
199.000000 1440.740395
200.000000 1440.740395
201.000000 1440.740395
202.000000 1440.740395
203.000000 1440.740395
204.000000 1440.740395
205.000000 1440.740395
206.000000 1440.740395
207.000000 1440.740395
208.000000 1440.740395
209.000000 1440.740395
210.000000 1440.740395
211.000000 1440.740395
212.000000 1440.740395
213.000000 1440.740395
214.000000 1440.740395
215.000000 1440.740395
216.000000 1440.740395
217.000000 1440.740395
218.000000 1430.781098
219.000000 1433.596123
220.000000 1440.651351
221.000000 1429.502254
222.000000 1380.157475
223.000000 1287.376690
224.000000 1179.124886
225.000000 1062.551257
226.000000 832.905316
227.000000 742.294077
228.000000 688.323058
229.000000 738.567104
230.000000 828.087253
231.000000 932.552189
232.000000 1045.474148
233.000000 1154.694671
234.000000 1254.305933
235.000000 1308.311451
236.000000 1321.012286
237.000000 1314.248608
238.000000 1310.781333
239.000000 1320.920141
240.000000 1321.033902
241.000000 1321.033902
242.000000 1321.033902
243.000000 1321.033902
244.000000 1321.033902
245.000000 1321.033902
246.000000 1321.033902
247.000000 1321.033902
248.000000 1321.033902
249.000000 1321.033902
250.000000 1321.033902
251.000000 1321.033902
252.000000 1321.033902
253.000000 1321.033902
254.000000 1321.033902
255.000000 1321.033902
256.000000 1231.762800
257.000000 1231.762800
258.000000 1231.762800
259.000000 1231.762800
260.000000 1231.762800
261.000000 1231.762800
262.000000 1231.762800
263.000000 1221.042236
264.000000 1215.899982
265.000000 1222.724170
266.000000 1231.079325
267.000000 1226.687709
268.000000 1196.017755
269.000000 1129.913715
270.000000 1028.900167
271.000000 925.288691
272.000000 823.145145
273.000000 719.944002
274.000000 635.831924
275.000000 570.089316
276.000000 530.958963
277.000000 566.149143
278.000000 630.608239
279.000000 712.715406
280.000000 815.724714
281.000000 918.166222
282.000000 1020.781286
283.000000 1123.753229
284.000000 1192.536229
285.000000 1225.510206
286.000000 1492.691056
287.000000 1485.145604
288.000000 1478.302486
289.000000 1482.376968
290.000000 1493.111985
291.000000 1493.111985
292.000000 1493.111985
293.000000 1493.111985
294.000000 1493.111985
295.000000 1493.111985
296.000000 1493.111985
297.000000 1493.111985
298.000000 1493.111985
299.000000 1493.111985
300.000000 1493.111985
301.000000 1493.111985
302.000000 1493.111985
303.000000 1493.111985
304.000000 1493.111985
305.000000 1493.111985
306.000000 1493.111985
307.000000 1493.111985
308.000000 1491.607063
309.000000 1483.828684
310.000000 1490.169856
311.000000 1490.966187
312.000000 1459.317836
313.000000 1379.942284
314.000000 1277.810035
315.000000 1162.031443
316.000000 1254.190747
317.000000 1156.812687
318.000000 1102.056818
319.000000 1162.431331
320.000000 1261.372325
321.000000 1370.050751
322.000000 1475.860137
323.000000 1573.311808
324.000000 1633.772481
325.000000 1654.081484
326.000000 1652.668858
327.000000 1648.583700
328.000000 1651.884446
329.000000 1654.431126
330.000000 1646.652816
331.000000 1594.897302
332.000000 1496.170992
333.000000 1385.496581
334.000000 1287.134533
335.000000 1259.212550
336.000000 1344.886120
337.000000 1453.998094
338.000000 1559.809732
339.000000 1617.430614
340.000000 1539.667135
341.000000 1427.881085
342.000000 1339.827769
343.000000 1383.045215
344.000000 1479.958276
345.000000 1487.358576
346.000000 771.161012
347.000000 784.826708
348.000000 818.351366
349.000000 779.290518
350.000000 805.621252
351.000000 793.915202
352.000000 786.262403
353.000000 797.279379
354.000000 826.497809
355.000000 745.120341
356.000000 637.178879
357.000000 522.709248
358.000000 403.072726
359.000000 278.158155
