0.000000 28086.858653
1.000000 31547.525042
2.000000 38011.104374
3.000000 46082.749043
4.000000 54571.047682
5.000000 62911.057999
6.000000 70232.055271
7.000000 75771.485538
8.000000 78235.812925
9.000000 78667.416288
10.000000 77714.921145
11.000000 76333.698968
12.000000 75540.434198
13.000000 75325.111677
14.000000 72297.636678
15.000000 73472.939210
16.000000 55254.420951
17.000000 54270.504518
18.000000 50215.121407
19.000000 47139.898298
20.000000 50368.182702
21.000000 54212.398320
22.000000 55767.971844
23.000000 56410.172911
24.000000 55297.732784
25.000000 52373.924552
26.000000 47288.724308
27.000000 42316.800881
28.000000 40852.098980
29.000000 44874.051341
30.000000 50265.923463
31.000000 54376.402565
32.000000 56714.106387
33.000000 56577.334461
34.000000 54847.616301
35.000000 51575.546660
36.000000 51481.514405
37.000000 54796.167620
38.000000 56094.132059
39.000000 55745.860865
40.000000 57378.215403
41.000000 57949.863866
42.000000 57428.789028
43.000000 54057.823306
44.000000 49523.185473
45.000000 44073.690354
46.000000 35667.626207
47.000000 31625.207943
48.000000 29260.419665
49.000000 31198.122116
50.000000 35081.537572
51.000000 39894.408870
52.000000 44962.733686
53.000000 49307.674700
54.000000 52748.763919
55.000000 53726.318837
56.000000 53352.696352
57.000000 51942.057905
58.000000 52062.906909
59.000000 51186.428709
60.000000 48312.217419
61.000000 47798.969698
62.000000 50694.437910
63.000000 52663.234551
64.000000 53047.748020
65.000000 51077.992830
66.000000 47308.870041
67.000000 42561.514068
68.000000 39017.080279
69.000000 39596.998333
70.000000 43557.842619
71.000000 48332.376325
72.000000 51683.630740
73.000000 53036.792764
74.000000 52571.036311
75.000000 51332.964754
76.000000 52898.634612
77.000000 49726.118446
78.000000 51918.477876
79.000000 55970.156089
80.000000 57673.017416
81.000000 56118.471315
82.000000 55051.963231
83.000000 56943.771771
84.000000 57380.916809
85.000000 57988.744805
86.000000 59387.897689
87.000000 60368.929620
88.000000 60233.435475
89.000000 57951.499283
90.000000 52521.300451
91.000000 46705.766197
92.000000 40928.044568
93.000000 35328.332748
94.000000 30318.287263
95.000000 26284.088968
96.000000 23768.067290
97.000000 25879.678671
98.000000 29772.536079
99.000000 34682.089903
100.000000 40221.968152
101.000000 46019.595110
102.000000 51757.511410
103.000000 57287.553828
104.000000 59736.829651
105.000000 59931.936190
106.000000 86824.279780
107.000000 84706.904780
108.000000 84472.079414
109.000000 82562.846287
110.000000 82033.706623
111.000000 84171.024069
112.000000 82853.080302
113.000000 77669.530016
114.000000 75043.942595
115.000000 79839.476772
116.000000 84146.422050
117.000000 85023.571044
118.000000 83648.086384
119.000000 79027.866818
120.000000 71462.547165
121.000000 65038.524202
122.000000 66918.239327
123.000000 74265.072691
124.000000 80966.192740
125.000000 84303.308734
126.000000 84432.065868
127.000000 80983.993720
128.000000 78569.681582
129.000000 82214.792006
130.000000 84352.535934
131.000000 85185.078540
132.000000 85561.070937
133.000000 83065.281519
134.000000 77715.527557
135.000000 70159.392731
136.000000 68141.800010
137.000000 58580.048349
138.000000 52986.452586
139.000000 58514.717894
140.000000 68050.572426
141.000000 77965.897285
142.000000 85764.055754
143.000000 91219.378170
144.000000 93585.095983
145.000000 92926.961308
146.000000 92067.066880
147.000000 89927.403314
148.000000 85793.584122
149.000000 88344.100033
150.000000 91860.856423
151.000000 91765.508420
152.000000 88396.418048
153.000000 81566.341768
154.000000 72987.909648
155.000000 70425.830082
156.000000 78071.477308
157.000000 86152.954478
158.000000 90601.193696
159.000000 91874.591979
160.000000 90853.980754
161.000000 86627.289044
162.000000 80793.767305
163.000000 83764.818281
164.000000 89566.088409
165.000000 90733.744368
166.000000 96358.647403
167.000000 96981.980608
168.000000 99419.494725
169.000000 99298.036116
170.000000 101543.948724
171.000000 102069.999478
172.000000 101882.806572
173.000000 99516.155837
174.000000 93679.605569
175.000000 85394.155306
176.000000 75063.854478
177.000000 63327.641423
178.000000 51647.842136
179.000000 41642.604174
180.000000 36487.525649
181.000000 41616.308210
182.000000 51613.162667
183.000000 63290.667813
184.000000 75030.942296
185.000000 85383.622553
186.000000 93837.722697
187.000000 99835.313893
188.000000 102338.670970
189.000000 102748.077987
190.000000 101752.119491
191.000000 100281.540440
192.000000 99455.994086
193.000000 99228.694610
194.000000 95804.445196
195.000000 97142.232672
196.000000 107978.131964
197.000000 106636.119630
198.000000 100539.954179
199.000000 95339.320032
200.000000 100785.097898
201.000000 106551.638086
202.000000 108595.903911
203.000000 109330.721666
204.000000 108065.951171
205.000000 104004.742599
206.000000 95934.186416
207.000000 86639.201238
208.000000 83541.908438
209.000000 91638.250978
210.000000 100815.865242
211.000000 106827.190992
212.000000 109784.983099
213.000000 109573.562870
214.000000 107250.161474
215.000000 102314.175025
216.000000 102141.497924
217.000000 107165.378638
218.000000 108972.290544
219.000000 108249.671054
220.000000 110478.123972
221.000000 111233.948321
222.000000 110743.087079
223.000000 106439.314506
224.000000 99872.963309
225.000000 90655.691087
226.000000 70484.776203
227.000000 60714.928744
228.000000 54776.550520
229.000000 59657.804034
230.000000 69118.955581
231.000000 79617.026341
232.000000 88947.248867
233.000000 95947.826073
234.000000 100804.065863
235.000000 101910.134146
236.000000 101371.569369
237.000000 99261.061819
238.000000 99668.361357
239.000000 98364.427079
240.000000 93706.028386
241.000000 92834.277115
242.000000 97638.535324
243.000000 100554.763647
244.000000 101004.709709
245.000000 98414.505042
246.000000 92572.444819
247.000000 84147.267744
248.000000 76840.230914
249.000000 78124.891873
250.000000 86032.440070
251.000000 94238.450199
252.000000 99318.430420
253.000000 101005.611311
254.000000 100358.168278
255.000000 98721.024478
256.000000 86080.855689
257.000000 81255.766272
258.000000 84641.406119
259.000000 90420.167776
260.000000 92670.974834
261.000000 90517.014397
262.000000 88998.064041
263.000000 91685.921586
264.000000 92234.895717
265.000000 92904.796835
266.000000 94708.887242
267.000000 95951.783200
268.000000 95943.781901
269.000000 93268.692637
270.000000 86100.218894
271.000000 77609.227293
272.000000 68262.943010
273.000000 58160.225006
274.000000 48402.414009
275.000000 40379.301180
276.000000 36108.805304
277.000000 39623.452561
278.000000 47281.431760
279.000000 56943.678049
280.000000 67042.889395
281.000000 76551.526331
282.000000 85029.466014
283.000000 92424.247798
284.000000 95345.171778
285.000000 95412.664171
286.000000 115913.778038
287.000000 113874.709962
288.000000 113739.749170
289.000000 111849.020284
290.000000 111283.396800
291.000000 113444.857175
292.000000 112075.740660
293.000000 106674.994583
294.000000 103798.071249
295.000000 108977.038569
296.000000 113413.050734
297.000000 114210.315606
298.000000 112941.397616
299.000000 108107.488201
300.000000 99820.320084
301.000000 92132.573560
302.000000 94454.876860
303.000000 102966.316075
304.000000 110142.624731
305.000000 113536.196521
306.000000 113667.941586
307.000000 110101.520599
308.000000 107536.439002
309.000000 111388.950369
310.000000 113546.803566
311.000000 114317.459182
312.000000 114778.079747
313.000000 112358.003049
314.000000 106761.166275
315.000000 98411.454890
316.000000 102005.126626
317.000000 89422.551673
318.000000 81007.044097
319.000000 89299.389533
320.000000 101887.190153
321.000000 113071.825633
322.000000 121218.229689
323.000000 126181.106981
324.000000 128137.429430
325.000000 127485.100714
326.000000 126836.693066
327.000000 124942.153215
328.000000 120968.045667
329.000000 123429.047457
330.000000 126681.867551
331.000000 126644.112553
332.000000 123671.203075
333.000000 116868.493862
334.000000 107566.332621
335.000000 104578.240033
336.000000 113177.205490
337.000000 121529.431798
338.000000 125662.733172
339.000000 126706.538064
340.000000 125871.490405
341.000000 121954.261662
342.000000 116102.593181
343.000000 119131.142522
344.000000 124710.407477
345.000000 125766.167761
346.000000 72778.291675
347.000000 73303.919972
348.000000 75494.214510
349.000000 75432.853100
350.000000 77512.133986
351.000000 78021.312732
352.000000 77802.876274
353.000000 75474.376357
354.000000 70088.667571
355.000000 62918.861943
356.000000 54595.750526
357.000000 46107.821425
358.000000 38033.367701
359.000000 31562.396323
