0.000000 226.477455
1.000000 287.663006
2.000000 392.351927
3.000000 512.811199
4.000000 634.653697
5.000000 752.676836
6.000000 846.560291
7.000000 822.439772
8.000000 799.521101
9.000000 808.890428
10.000000 807.983187
11.000000 799.964999
12.000000 807.906952
13.000000 818.727230
14.000000 704.352121
15.000000 736.674273
16.000000 563.684981
17.000000 570.736141
18.000000 505.725220
19.000000 436.063286
20.000000 507.035157
21.000000 548.318044
22.000000 557.696887
23.000000 563.749530
24.000000 561.179982
25.000000 574.504680
26.000000 492.271277
27.000000 380.503139
28.000000 346.284083
29.000000 441.437234
30.000000 546.841113
31.000000 560.796520
32.000000 564.618360
33.000000 553.355612
34.000000 537.851015
35.000000 483.183627
36.000000 482.246649
37.000000 548.750656
38.000000 547.594304
39.000000 505.285940
40.000000 564.584415
41.000000 561.905803
42.000000 563.836326
43.000000 548.274080
44.000000 550.207326
45.000000 478.434838
46.000000 357.414254
47.000000 279.688836
48.000000 228.206245
49.000000 272.704015
50.000000 350.580895
51.000000 434.745258
52.000000 517.963254
53.000000 556.313930
54.000000 523.694214
55.000000 515.385153
56.000000 529.966744
57.000000 502.762668
58.000000 545.531059
59.000000 542.884241
60.000000 453.038253
61.000000 438.683202
62.000000 522.670604
63.000000 535.747055
64.000000 538.892229
65.000000 579.462507
66.000000 520.748912
67.000000 419.554704
68.000000 338.940025
69.000000 353.820642
70.000000 443.908475
71.000000 544.318258
72.000000 593.191636
73.000000 539.330458
74.000000 531.650468
75.000000 556.061069
76.000000 529.410330
77.000000 444.892642
78.000000 506.815800
79.000000 619.403289
80.000000 652.912527
81.000000 576.266778
82.000000 543.695236
83.000000 598.101718
84.000000 585.108225
85.000000 573.138398
86.000000 585.040723
87.000000 618.985079
88.000000 717.807458
89.000000 716.445344
90.000000 632.789285
91.000000 549.678095
92.000000 465.931890
93.000000 383.402061
94.000000 306.061328
95.000000 238.118735
96.000000 192.219166
97.000000 233.243096
98.000000 299.848706
99.000000 376.291094
100.000000 458.184050
101.000000 542.150988
102.000000 624.421506
103.000000 708.792960
104.000000 697.123701
105.000000 600.865839
106.000000 896.135242
107.000000 866.953048
108.000000 909.380326
109.000000 873.037078
110.000000 857.345549
111.000000 951.944963
112.000000 943.771622
113.000000 835.399966
114.000000 789.457298
115.000000 886.306734
116.000000 1013.015866
117.000000 1110.407353
118.000000 1034.718075
119.000000 914.672072
120.000000 795.006132
121.000000 707.896946
122.000000 735.870070
123.000000 840.289748
124.000000 963.675668
125.000000 1076.266063
126.000000 1155.191252
127.000000 1166.378542
128.000000 1162.729686
129.000000 1157.460911
130.000000 1163.467499
131.000000 1166.337675
132.000000 1136.278415
133.000000 1054.037288
134.000000 944.031407
135.000000 827.794411
136.000000 809.030601
137.000000 709.125487
138.000000 649.956813
139.000000 698.673901
140.000000 794.827159
141.000000 912.503616
142.000000 1034.383844
143.000000 1147.796980
144.000000 1237.411141
145.000000 1273.517549
146.000000 1273.251162
147.000000 1266.090204
148.000000 1274.210080
149.000000 1276.221754
150.000000 1276.221754
151.000000 1276.221754
152.000000 1276.221754
153.000000 1276.221754
154.000000 1276.221754
155.000000 1276.221754
156.000000 1276.221754
157.000000 1276.221754
158.000000 1276.221754
159.000000 1276.221754
160.000000 1276.221754
161.000000 1276.221754
162.000000 1276.221754
163.000000 1276.221754
164.000000 1276.221754
165.000000 1276.221754
166.000000 1381.737619
167.000000 1370.693406
168.000000 1366.051241
169.000000 1373.104465
170.000000 1381.201628
171.000000 1376.173989
172.000000 1344.465432
173.000000 1275.974367
174.000000 1170.033529
175.000000 1055.437311
176.000000 937.505946
177.000000 821.969749
178.000000 719.084268
179.000000 638.630579
180.000000 595.033365
181.000000 638.630579
182.000000 719.084268
183.000000 821.969749
184.000000 937.505946
185.000000 1055.437311
186.000000 1170.033529
187.000000 1275.974367
188.000000 1344.465432
189.000000 1376.173989
190.000000 1381.201628
191.000000 1373.104465
192.000000 1366.051241
193.000000 1370.693406
194.000000 1381.737619
195.000000 1381.737619
196.000000 1475.262466
197.000000 1475.262466
198.000000 1475.262466
199.000000 1475.262466
200.000000 1475.262466
201.000000 1475.262466
202.000000 1475.262466
203.000000 1475.262466
204.000000 1475.262466
205.000000 1475.262466
206.000000 1475.262466
207.000000 1475.262466
208.000000 1475.262466
209.000000 1475.262466
210.000000 1475.262466
211.000000 1475.262466
212.000000 1475.262466
213.000000 1475.262466
214.000000 1475.262466
215.000000 1475.262466
216.000000 1475.262466
217.000000 1475.262466
218.000000 1465.381493
219.000000 1468.181672
220.000000 1475.174561
221.000000 1464.106547
222.000000 1414.262321
223.000000 1317.685104
224.000000 1206.438125
225.000000 1084.383724
226.000000 832.061700
227.000000 734.622860
228.000000 678.942556
229.000000 730.732928
230.000000 826.755557
231.000000 944.201471
232.000000 1067.372548
233.000000 1182.304660
234.000000 1285.719476
235.000000 1341.308376
236.000000 1354.749566
237.000000 1347.603964
238.000000 1343.930428
239.000000 1354.650929
240.000000 1354.772233
241.000000 1354.772233
242.000000 1354.772233
243.000000 1354.772233
244.000000 1354.772233
245.000000 1354.772233
246.000000 1354.772233
247.000000 1354.772233
248.000000 1354.772233
249.000000 1354.772233
250.000000 1354.772233
251.000000 1354.772233
252.000000 1354.772233
253.000000 1354.772233
254.000000 1354.772233
255.000000 1354.772233
256.000000 1264.275718
257.000000 1264.275718
258.000000 1264.275718
259.000000 1264.275718
260.000000 1264.275718
261.000000 1264.275718
262.000000 1264.275718
263.000000 1253.271045
264.000000 1248.022620
265.000000 1255.039621
266.000000 1263.585203
267.000000 1259.050995
268.000000 1227.464562
269.000000 1158.839091
270.000000 1053.320373
271.000000 940.207738
272.000000 826.409349
273.000000 717.115244
274.000000 621.754487
275.000000 548.459620
276.000000 508.086548
277.000000 544.280464
278.000000 615.694108
279.000000 709.734948
280.000000 818.331667
281.000000 932.140991
282.000000 1044.847983
283.000000 1152.415213
284.000000 1223.867763
285.000000 1257.841085
286.000000 1525.039012
287.000000 1517.822064
288.000000 1511.224994
289.000000 1515.129291
290.000000 1525.435747
291.000000 1525.435747
292.000000 1525.435747
293.000000 1525.435747
294.000000 1525.435747
295.000000 1525.435747
296.000000 1525.435747
297.000000 1525.435747
298.000000 1525.435747
299.000000 1525.435747
300.000000 1525.435747
301.000000 1525.435747
302.000000 1525.435747
303.000000 1525.435747
304.000000 1525.435747
305.000000 1525.435747
306.000000 1525.435747
307.000000 1525.435747
308.000000 1523.999698
309.000000 1516.535062
310.000000 1522.619117
311.000000 1523.386568
312.000000 1492.775681
313.000000 1413.275319
314.000000 1307.197367
315.000000 1187.829525
316.000000 1275.811083
317.000000 1173.938791
318.000000 1116.017983
319.000000 1179.864828
320.000000 1283.234134
321.000000 1397.255745
322.000000 1504.348110
323.000000 1596.453673
324.000000 1661.313989
325.000000 1684.623279
326.000000 1683.018553
327.000000 1678.374488
328.000000 1682.134535
329.000000 1685.009770
330.000000 1676.199397
331.000000 1615.911313
332.000000 1524.086123
333.000000 1413.205760
334.000000 1309.580187
335.000000 1280.831733
336.000000 1370.765416
337.000000 1482.736746
338.000000 1584.118645
339.000000 1642.132438
340.000000 1565.421784
341.000000 1456.496263
342.000000 1365.327010
343.000000 1410.591232
344.000000 1508.315829
345.000000 1515.515540
346.000000 777.349141
347.000000 791.870327
348.000000 827.532769
349.000000 786.018976
350.000000 813.725466
351.000000 801.397836
352.000000 793.768816
353.000000 805.613525
354.000000 837.828909
355.000000 752.622987
356.000000 634.653697
357.000000 512.811199
358.000000 392.351927
359.000000 287.663006
