0.000000 -52524.983707
1.000000 -59182.394959
2.000000 -69696.394597
3.000000 -80670.992588
4.000000 -91262.382571
5.000000 -101168.936093
6.000000 -109779.063575
7.000000 -116449.040320
8.000000 -119509.569763
9.000000 -120100.034402
10.000000 -118969.638086
11.000000 -117317.595359
12.000000 -116332.159112
13.000000 -116059.535965
14.000000 -112526.025302
15.000000 -113903.851926
16.000000 -92266.919388
17.000000 -91084.522647
18.000000 -85972.077371
19.000000 -81853.964483
20.000000 -86170.460584
21.000000 -91010.286749
22.000000 -92866.485791
23.000000 -93617.371802
24.000000 -92342.314791
25.000000 -88797.755029
26.000000 -82340.583139
27.000000 -75462.143212
28.000000 -73237.251842
29.000000 -79105.491089
30.000000 -86167.761482
31.000000 -91241.911183
32.000000 -94016.241566
33.000000 -93840.087423
34.000000 -91744.459153
35.000000 -87579.657891
36.000000 -87448.860399
37.000000 -91680.307632
38.000000 -93266.551715
39.000000 -92754.369038
40.000000 -94780.560624
41.000000 -95469.227641
42.000000 -94891.344577
43.000000 -90887.190687
44.000000 -85323.152065
45.000000 -78322.659306
46.000000 -66586.531555
47.000000 -59584.369955
48.000000 -54883.378537
49.000000 -58773.845086
50.000000 -65647.065117
51.000000 -72900.700501
52.000000 -79711.940198
53.000000 -85202.171478
54.000000 -89382.874826
55.000000 -90503.215203
56.000000 -90042.856189
57.000000 -88252.560193
58.000000 -88499.022802
59.000000 -87410.515291
60.000000 -83651.792067
61.000000 -82959.103460
62.000000 -86790.590683
63.000000 -89238.434250
64.000000 -89704.075846
65.000000 -87352.624274
66.000000 -82613.826286
67.000000 -76226.757447
68.000000 -70880.284618
69.000000 -71806.490669
70.000000 -77623.686754
71.000000 -83926.090239
72.000000 -88095.006785
73.000000 -89673.341180
74.000000 -89109.282930
75.000000 -87641.402495
76.000000 -89287.788152
77.000000 -85129.691355
78.000000 -88030.775834
79.000000 -93116.281284
80.000000 -95169.233967
81.000000 -93230.882718
82.000000 -91879.033274
83.000000 -94266.061081
84.000000 -94784.091342
85.000000 -95486.907963
86.000000 -97181.712246
87.000000 -98356.224557
88.000000 -98217.238631
89.000000 -95548.885889
90.000000 -89039.595666
91.000000 -81845.294950
92.000000 -74342.883775
93.000000 -66371.815706
94.000000 -58143.156985
95.000000 -50320.234923
96.000000 -45172.825642
97.000000 -49477.772393
98.000000 -57145.071838
99.000000 -65382.128235
100.000000 -73389.544207
101.000000 -80976.361810
102.000000 -88108.633333
103.000000 -94763.444274
104.000000 -97625.254204
105.000000 -97830.679566
106.000000 -130216.875795
107.000000 -127643.104978
108.000000 -127267.749050
109.000000 -125023.109137
110.000000 -124455.646911
111.000000 -126893.408897
112.000000 -125268.606004
113.000000 -119142.686584
114.000000 -116075.060262
115.000000 -121680.082681
116.000000 -126840.934124
117.000000 -127968.899281
118.000000 -126166.918435
119.000000 -120550.585685
120.000000 -111644.144504
121.000000 -104048.587484
122.000000 -106298.292697
123.000000 -114920.435997
124.000000 -122888.574948
125.000000 -127005.780292
126.000000 -127212.294110
127.000000 -123118.470768
128.000000 -120281.152295
129.000000 -124542.935038
130.000000 -127146.005852
131.000000 -128236.397392
132.000000 -128579.575513
133.000000 -125389.322416
134.000000 -118849.534274
135.000000 -109878.984378
136.000000 -107892.361987
137.000000 -96379.817580
138.000000 -89122.647216
139.000000 -96289.423102
140.000000 -107784.251899
141.000000 -119392.461571
142.000000 -128874.171134
143.000000 -135781.671837
144.000000 -138989.541230
145.000000 -138324.244385
146.000000 -137127.141450
147.000000 -134434.146056
148.000000 -129544.339192
149.000000 -132571.932806
150.000000 -136824.925817
151.000000 -136628.519191
152.000000 -132302.716427
153.000000 -123980.938533
154.000000 -113932.077192
155.000000 -110931.299687
156.000000 -119851.383287
157.000000 -129528.562639
158.000000 -135113.014565
159.000000 -136901.506731
160.000000 -135519.102667
161.000000 -130308.621532
162.000000 -123428.351319
163.000000 -126908.819537
164.000000 -133893.260756
165.000000 -135393.101343
166.000000 -143330.968436
167.000000 -144026.332088
168.000000 -147074.928441
169.000000 -147119.156467
170.000000 -150025.428543
171.000000 -150731.939568
172.000000 -150337.911581
173.000000 -146867.652728
174.000000 -138915.542553
175.000000 -128305.198632
176.000000 -115690.655239
177.000000 -101987.285344
178.000000 -87779.029313
179.000000 -74420.401423
180.000000 -66162.799699
181.000000 -74382.352126
182.000000 -87735.567204
183.000000 -101945.092633
184.000000 -115651.255647
185.000000 -128290.715397
186.000000 -139108.713220
187.000000 -147274.159559
188.000000 -150927.179338
189.000000 -151622.547721
190.000000 -150307.769552
191.000000 -148379.099463
192.000000 -147202.146853
193.000000 -146830.930297
194.000000 -142667.002465
195.000000 -144287.697971
196.000000 -159205.051820
197.000000 -157290.157391
198.000000 -149260.869833
199.000000 -142836.025438
200.000000 -149572.189092
201.000000 -157177.478047
202.000000 -160155.731854
203.000000 -161298.923306
204.000000 -159231.805208
205.000000 -153496.557785
206.000000 -142935.616596
207.000000 -131626.446748
208.000000 -127971.499437
209.000000 -137628.137230
210.000000 -149214.234977
211.000000 -157445.935058
212.000000 -161793.537261
213.000000 -161571.848345
214.000000 -158298.388961
215.000000 -151901.195018
216.000000 -151705.937326
217.000000 -158190.975599
218.000000 -160667.145670
219.000000 -159969.903284
220.000000 -162990.972029
221.000000 -164027.633229
222.000000 -163048.770650
223.000000 -156759.804960
224.000000 -147659.347501
225.000000 -135772.709995
226.000000 -111005.086635
227.000000 -99287.570168
228.000000 -91654.076276
229.000000 -97971.052480
230.000000 -109425.938263
231.000000 -121684.206131
232.000000 -133039.422997
233.000000 -141998.475733
234.000000 -148593.748230
235.000000 -150309.490988
236.000000 -149643.188122
237.000000 -147005.875591
238.000000 -147286.284443
239.000000 -145585.802990
240.000000 -139909.171811
241.000000 -138864.116296
242.000000 -144667.238619
243.000000 -148444.322687
244.000000 -149030.846216
245.000000 -145401.135130
246.000000 -137901.614065
247.000000 -127726.005774
248.000000 -119199.883621
249.000000 -120689.628468
250.000000 -129962.514667
251.000000 -139983.995126
252.000000 -146609.403972
253.000000 -149099.273907
254.000000 -148221.721285
255.000000 -145925.122920
256.000000 -129704.902838
257.000000 -124061.154569
258.000000 -128010.950055
259.000000 -134918.108778
260.000000 -137745.162598
261.000000 -135254.794486
262.000000 -133485.292913
263.000000 -136595.336468
264.000000 -137275.441951
265.000000 -138214.823337
266.000000 -140461.583911
267.000000 -142016.734852
268.000000 -141849.695371
269.000000 -138205.620360
270.000000 -129073.871076
271.000000 -118676.722907
272.000000 -107605.910774
273.000000 -95725.127024
274.000000 -83557.565583
275.000000 -72337.775104
276.000000 -65217.179303
277.000000 -71156.170380
278.000000 -82098.184891
279.000000 -94246.646165
280.000000 -106185.873215
281.000000 -117403.878629
282.000000 -127745.406631
283.000000 -137116.252467
284.000000 -141073.518926
285.000000 -141328.207304
286.000000 -171397.303518
287.000000 -168392.943944
288.000000 -167937.324003
289.000000 -165345.001613
290.000000 -164701.902263
291.000000 -167483.017067
292.000000 -165486.764824
293.000000 -158156.428891
294.000000 -154468.731127
295.000000 -161187.424704
296.000000 -167385.327323
297.000000 -168736.706221
298.000000 -166569.684722
299.000000 -159643.504489
300.000000 -148632.172102
301.000000 -139159.827847
302.000000 -141968.782477
303.000000 -152690.814246
304.000000 -162525.206287
305.000000 -167535.472565
306.000000 -167838.101210
307.000000 -162949.218715
308.000000 -159559.521440
309.000000 -164626.631844
310.000000 -167744.725378
311.000000 -169066.512262
312.000000 -169498.058261
313.000000 -165606.680304
314.000000 -157496.881837
315.000000 -146062.216997
316.000000 -152908.289243
317.000000 -137045.798012
318.000000 -127024.269711
319.000000 -136891.194791
320.000000 -152742.118830
321.000000 -168370.787441
322.000000 -180666.549311
323.000000 -189250.885566
324.000000 -193194.145002
325.000000 -192427.507958
326.000000 -191014.562554
327.000000 -187736.547472
328.000000 -181835.678376
329.000000 -185483.235783
330.000000 -190633.920199
331.000000 -190389.676358
332.000000 -185070.002795
333.000000 -174561.183239
334.000000 -161691.903223
335.000000 -157793.595135
336.000000 -169284.648099
337.000000 -181569.596239
338.000000 -188546.920930
339.000000 -190767.482317
340.000000 -189094.416987
341.000000 -182699.068286
342.000000 -174274.424410
343.000000 -178539.220239
344.000000 -187080.297875
345.000000 -188949.508707
346.000000 -113086.928656
347.000000 -113678.358543
348.000000 -116257.066987
349.000000 -116241.470040
350.000000 -118727.915977
351.000000 -119327.865923
352.000000 -118994.488062
353.000000 -116097.125296
354.000000 -109611.550690
355.000000 -101178.113913
356.000000 -91292.680483
357.000000 -80703.245070
358.000000 -69729.709130
359.000000 -59211.065080
