0.000000 -467.988831
1.000000 -590.264046
2.000000 -765.866628
3.000000 -930.874000
4.000000 -1083.370085
5.000000 -1223.790895
6.000000 -1334.396364
7.000000 -1307.479596
8.000000 -1280.777358
9.000000 -1292.222117
10.000000 -1291.272732
11.000000 -1281.724470
12.000000 -1290.811897
13.000000 -1302.020006
14.000000 -1166.819131
15.000000 -1204.941058
16.000000 -999.662536
17.000000 -1008.492425
18.000000 -924.948794
19.000000 -830.316507
20.000000 -926.677123
21.000000 -980.179494
22.000000 -992.360982
23.000000 -999.644444
24.000000 -996.619471
25.000000 -1013.194838
26.000000 -907.636110
27.000000 -749.497995
28.000000 -694.632300
29.000000 -839.028044
30.000000 -978.208454
31.000000 -996.063782
32.000000 -1000.923478
33.000000 -987.034120
34.000000 -966.715644
35.000000 -894.976529
36.000000 -893.726225
37.000000 -980.625334
38.000000 -979.153695
39.000000 -924.135651
40.000000 -1000.617742
41.000000 -997.313644
42.000000 -999.965014
43.000000 -980.227449
44.000000 -982.613546
45.000000 -889.541809
46.000000 -714.552127
47.000000 -575.831560
48.000000 -469.921423
49.000000 -562.534520
50.000000 -703.595895
51.000000 -830.784330
52.000000 -942.390160
53.000000 -991.551274
54.000000 -950.083768
55.000000 -939.452658
56.000000 -958.227222
57.000000 -922.878856
58.000000 -978.195880
59.000000 -974.309333
60.000000 -855.320190
61.000000 -835.305385
62.000000 -948.321169
63.000000 -965.579504
64.000000 -969.585327
65.000000 -1020.657305
66.000000 -945.854890
67.000000 -808.688965
68.000000 -682.877808
69.000000 -707.755635
70.000000 -843.333281
71.000000 -976.097245
72.000000 -1037.749649
73.000000 -970.122539
74.000000 -960.347229
75.000000 -991.191900
76.000000 -955.500055
77.000000 -842.488317
78.000000 -926.127279
79.000000 -1068.486317
80.000000 -1109.134819
81.000000 -1015.007878
82.000000 -973.970875
83.000000 -1042.206819
84.000000 -1026.053136
85.000000 -1011.100688
86.000000 -1025.904744
87.000000 -1067.613832
88.000000 -1186.540649
89.000000 -1185.064241
90.000000 -1084.706925
91.000000 -981.730742
92.000000 -872.864177
93.000000 -754.839052
94.000000 -626.296453
95.000000 -492.313660
96.000000 -399.918916
97.000000 -481.965374
98.000000 -614.723504
99.000000 -743.890708
100.000000 -862.379542
101.000000 -972.192464
102.000000 -1074.510221
103.000000 -1176.039034
104.000000 -1161.878373
105.000000 -1045.383571
106.000000 -1396.417015
107.000000 -1361.952118
108.000000 -1411.551962
109.000000 -1368.940700
110.000000 -1350.985550
111.000000 -1462.363001
112.000000 -1452.652694
113.000000 -1325.371688
114.000000 -1271.872747
115.000000 -1384.882449
116.000000 -1535.619926
117.000000 -1655.791450
118.000000 -1562.000726
119.000000 -1418.233936
120.000000 -1278.325690
121.000000 -1176.728706
122.000000 -1209.439845
123.000000 -1331.069563
124.000000 -1476.332380
125.000000 -1613.115226
126.000000 -1712.836486
127.000000 -1727.295319
128.000000 -1722.569866
129.000000 -1715.764552
130.000000 -1723.524939
131.000000 -1727.241633
132.000000 -1688.591986
133.000000 -1585.664696
134.000000 -1452.958572
135.000000 -1316.498122
136.000000 -1300.999658
137.000000 -1185.571113
138.000000 -1116.385152
139.000000 -1173.420070
140.000000 -1284.622133
141.000000 -1420.845221
142.000000 -1565.229893
143.000000 -1705.375117
144.000000 -1821.953891
145.000000 -1870.787186
146.000000 -1870.433821
147.000000 -1860.657057
148.000000 -1871.735603
149.000000 -1874.497859
150.000000 -1874.497859
151.000000 -1874.497859
152.000000 -1874.497859
153.000000 -1874.497859
154.000000 -1874.497859
155.000000 -1874.497859
156.000000 -1874.497859
157.000000 -1874.497859
158.000000 -1874.497859
159.000000 -1874.497859
160.000000 -1874.497859
161.000000 -1874.497859
162.000000 -1874.497859
163.000000 -1874.497859
164.000000 -1874.497859
165.000000 -1874.497859
166.000000 -2027.058987
167.000000 -2010.788105
168.000000 -2003.922033
169.000000 -2014.254532
170.000000 -2026.248590
171.000000 -2018.881226
172.000000 -1972.780166
173.000000 -1876.934670
174.000000 -1737.094409
175.000000 -1594.482605
176.000000 -1454.220710
177.000000 -1320.379508
178.000000 -1201.826166
179.000000 -1107.865961
180.000000 -1055.872867
181.000000 -1107.865961
182.000000 -1201.826166
183.000000 -1320.379508
184.000000 -1454.220710
185.000000 -1594.482605
186.000000 -1737.094409
187.000000 -1876.934670
188.000000 -1972.780166
189.000000 -2018.881226
190.000000 -2026.248590
191.000000 -2014.254532
192.000000 -2003.922033
193.000000 -2010.788105
194.000000 -2027.058987
195.000000 -2027.058987
196.000000 -2174.637718
197.000000 -2174.637718
198.000000 -2174.637718
199.000000 -2174.637718
200.000000 -2174.637718
201.000000 -2174.637718
202.000000 -2174.637718
203.000000 -2174.637718
204.000000 -2174.637718
205.000000 -2174.637718
206.000000 -2174.637718
207.000000 -2174.637718
208.000000 -2174.637718
209.000000 -2174.637718
210.000000 -2174.637718
211.000000 -2174.637718
212.000000 -2174.637718
213.000000 -2174.637718
214.000000 -2174.637718
215.000000 -2174.637718
216.000000 -2174.637718
217.000000 -2174.637718
218.000000 -2158.629616
219.000000 -2163.147264
220.000000 -2174.494283
221.000000 -2156.579129
222.000000 -2078.337664
223.000000 -1936.472266
224.000000 -1785.438744
225.000000 -1630.782532
226.000000 -1332.333160
227.000000 -1220.321060
228.000000 -1155.830597
229.000000 -1215.835431
230.000000 -1326.233379
231.000000 -1462.153102
232.000000 -1608.813141
233.000000 -1752.346440
234.000000 -1889.566110
235.000000 -1967.456257
236.000000 -1986.797163
237.000000 -1976.483518
238.000000 -1971.208678
239.000000 -1986.656442
240.000000 -1986.830176
241.000000 -1986.830176
242.000000 -1986.830176
243.000000 -1986.830176
244.000000 -1986.830176
245.000000 -1986.830176
246.000000 -1986.830176
247.000000 -1986.830176
248.000000 -1986.830176
249.000000 -1986.830176
250.000000 -1986.830176
251.000000 -1986.830176
252.000000 -1986.830176
253.000000 -1986.830176
254.000000 -1986.830176
255.000000 -1986.830176
256.000000 -1857.979058
257.000000 -1857.979058
258.000000 -1857.979058
259.000000 -1857.979058
260.000000 -1857.979058
261.000000 -1857.979058
262.000000 -1857.979058
263.000000 -1843.067321
264.000000 -1835.939768
265.000000 -1845.402133
266.000000 -1857.026271
267.000000 -1850.911072
268.000000 -1808.533993
269.000000 -1719.149403
270.000000 -1587.657392
271.000000 -1452.452536
272.000000 -1319.993418
273.000000 -1193.564335
274.000000 -1081.498183
275.000000 -992.385731
276.000000 -941.422443
277.000000 -987.184289
278.000000 -1074.256291
279.000000 -1184.983796
280.000000 -1310.656334
281.000000 -1442.976805
282.000000 -1577.353766
283.000000 -1710.954415
284.000000 -1803.759931
285.000000 -1849.273447
286.000000 -2259.278282
287.000000 -2246.866006
288.000000 -2235.644070
289.000000 -2242.321751
290.000000 -2259.971903
291.000000 -2259.971903
292.000000 -2259.971903
293.000000 -2259.971903
294.000000 -2259.971903
295.000000 -2259.971903
296.000000 -2259.971903
297.000000 -2259.971903
298.000000 -2259.971903
299.000000 -2259.971903
300.000000 -2259.971903
301.000000 -2259.971903
302.000000 -2259.971903
303.000000 -2259.971903
304.000000 -2259.971903
305.000000 -2259.971903
306.000000 -2259.971903
307.000000 -2259.971903
308.000000 -2257.492621
309.000000 -2244.703823
310.000000 -2255.126399
311.000000 -2256.437299
312.000000 -2204.685376
313.000000 -2078.000192
314.000000 -1922.833718
315.000000 -1762.246417
316.000000 -1889.403918
317.000000 -1755.201056
318.000000 -1682.275241
319.000000 -1762.786952
320.000000 -1899.531943
321.000000 -2062.522741
322.000000 -2231.646950
323.000000 -2394.439066
324.000000 -2522.261661
325.000000 -2571.583403
326.000000 -2568.134347
327.000000 -2558.175556
328.000000 -2566.220322
329.000000 -2572.437512
330.000000 -2553.476464
331.000000 -2431.420069
332.000000 -2265.016430
333.000000 -2086.721059
334.000000 -1936.126339
335.000000 -1896.482709
336.000000 -2023.454640
337.000000 -2196.056151
338.000000 -2371.477731
339.000000 -2482.986214
340.000000 -2337.467387
341.000000 -2153.981415
342.000000 -2015.654707
343.000000 -2082.869482
344.000000 -2238.356327
345.000000 -2250.502150
346.000000 -1255.388200
347.000000 -1272.189901
348.000000 -1313.957040
349.000000 -1265.367679
350.000000 -1298.004954
351.000000 -1283.435706
352.000000 -1273.962571
353.000000 -1287.612974
354.000000 -1324.224667
355.000000 -1223.729003
356.000000 -1083.370085
357.000000 -930.874000
358.000000 -765.866628
359.000000 -590.264046
