0.000000 102.455762
1.000000 183.702287
2.000000 353.422742
3.000000 528.672749
4.000000 682.497800
5.000000 811.970015
6.000000 906.292160
7.000000 888.414465
8.000000 867.649336
9.000000 877.020917
10.000000 876.303844
11.000000 868.681796
12.000000 875.577895
13.000000 881.820580
14.000000 768.137666
15.000000 801.167156
16.000000 609.848106
17.000000 616.723927
18.000000 533.055476
19.000000 440.123010
20.000000 535.166352
21.000000 590.453525
22.000000 603.354039
23.000000 611.597513
24.000000 607.921435
25.000000 619.257783
26.000000 510.692386
27.000000 348.151703
28.000000 293.482272
29.000000 439.992138
30.000000 583.421178
31.000000 606.399081
32.000000 611.897762
33.000000 597.647920
34.000000 576.559725
35.000000 504.341449
36.000000 502.959083
37.000000 589.542676
38.000000 588.848744
39.000000 534.042959
40.000000 609.064918
41.000000 609.587374
42.000000 610.556923
43.000000 590.818584
44.000000 589.019056
45.000000 492.786853
46.000000 313.857796
47.000000 182.944004
48.000000 109.274756
49.000000 172.045475
50.000000 302.336130
51.000000 433.719861
52.000000 547.758528
53.000000 599.312672
54.000000 562.623159
55.000000 553.179963
56.000000 570.984656
57.000000 537.909920
58.000000 588.890554
59.000000 581.342900
60.000000 463.836124
61.000000 444.063722
62.000000 556.242647
63.000000 577.247851
64.000000 581.539366
65.000000 626.610650
66.000000 551.249391
67.000000 411.841294
68.000000 286.137073
69.000000 310.315902
70.000000 447.117197
71.000000 581.144374
72.000000 642.825179
73.000000 582.077320
74.000000 572.886520
75.000000 598.515131
76.000000 562.783256
77.000000 452.427971
78.000000 534.292389
79.000000 670.058029
80.000000 709.914548
81.000000 626.709235
82.000000 589.384145
83.000000 650.800488
84.000000 636.253419
85.000000 622.986707
86.000000 636.566567
87.000000 673.987278
88.000000 777.159330
89.000000 774.978471
90.000000 684.391547
91.000000 585.459856
92.000000 475.341054
93.000000 352.869702
94.000000 225.556058
95.000000 121.331353
96.000000 81.393968
97.000000 115.273242
98.000000 215.077166
99.000000 341.707712
100.000000 464.634061
101.000000 576.103649
102.000000 674.916443
103.000000 767.117963
104.000000 756.163503
105.000000 654.164937
106.000000 962.050708
107.000000 936.334119
108.000000 972.884497
109.000000 941.417737
110.000000 928.138392
111.000000 1009.751539
112.000000 1002.721402
113.000000 908.380441
114.000000 866.807151
115.000000 953.323903
116.000000 1061.059675
117.000000 1140.697292
118.000000 1078.967925
119.000000 977.683190
120.000000 871.461694
121.000000 789.585927
122.000000 816.376956
123.000000 912.399499
124.000000 1019.564197
125.000000 1113.056973
126.000000 1177.039067
127.000000 1186.194321
128.000000 1183.214088
129.000000 1179.016127
130.000000 1183.838795
131.000000 1186.112533
132.000000 1161.935619
133.000000 1094.953139
134.000000 1002.747801
135.000000 900.791284
136.000000 895.925748
137.000000 803.805665
138.000000 746.140997
139.000000 793.808660
140.000000 883.171924
141.000000 986.044225
142.000000 1087.174552
143.000000 1177.768878
144.000000 1247.748946
145.000000 1275.684345
146.000000 1275.509412
147.000000 1269.983183
148.000000 1276.218992
149.000000 1277.784380
150.000000 1277.784380
151.000000 1277.784380
152.000000 1277.784380
153.000000 1277.784380
154.000000 1277.784380
155.000000 1277.784380
156.000000 1277.784380
157.000000 1277.784380
158.000000 1277.784380
159.000000 1277.784380
160.000000 1277.784380
161.000000 1277.784380
162.000000 1277.784380
163.000000 1277.784380
164.000000 1277.784380
165.000000 1277.784380
166.000000 1364.399620
167.000000 1356.117576
168.000000 1352.490208
169.000000 1357.782540
170.000000 1363.963766
171.000000 1360.302383
172.000000 1336.488858
173.000000 1284.615998
174.000000 1203.194103
175.000000 1112.766463
176.000000 1016.403582
177.000000 917.254894
178.000000 823.488065
179.000000 745.274934
180.000000 700.576260
181.000000 745.274934
182.000000 823.488065
183.000000 917.254894
184.000000 1016.403582
185.000000 1112.766463
186.000000 1203.194103
187.000000 1284.615998
188.000000 1336.488858
189.000000 1360.302383
190.000000 1363.963766
191.000000 1357.782540
192.000000 1352.490208
193.000000 1356.117576
194.000000 1364.399620
195.000000 1364.399620
196.000000 1440.555464
197.000000 1440.555464
198.000000 1440.555464
199.000000 1440.555464
200.000000 1440.555464
201.000000 1440.555464
202.000000 1440.555464
203.000000 1440.555464
204.000000 1440.555464
205.000000 1440.555464
206.000000 1440.555464
207.000000 1440.555464
208.000000 1440.555464
209.000000 1440.555464
210.000000 1440.555464
211.000000 1440.555464
212.000000 1440.555464
213.000000 1440.555464
214.000000 1440.555464
215.000000 1440.555464
216.000000 1440.555464
217.000000 1440.555464
218.000000 1433.114898
219.000000 1435.219200
220.000000 1440.488685
221.000000 1432.161093
222.000000 1394.655885
223.000000 1321.816053
224.000000 1236.999574
225.000000 1141.844698
226.000000 925.071556
227.000000 837.291255
228.000000 784.524234
229.000000 833.673222
230.000000 920.419023
231.000000 1020.604891
232.000000 1120.640125
233.000000 1210.739399
234.000000 1290.020381
235.000000 1332.185395
236.000000 1342.343359
237.000000 1336.934197
238.000000 1334.160089
239.000000 1342.272587
240.000000 1342.360891
241.000000 1342.360891
242.000000 1342.360891
243.000000 1342.360891
244.000000 1342.360891
245.000000 1342.360891
246.000000 1342.360891
247.000000 1342.360891
248.000000 1342.360891
249.000000 1342.360891
250.000000 1342.360891
251.000000 1342.360891
252.000000 1342.360891
253.000000 1342.360891
254.000000 1342.360891
255.000000 1342.360891
256.000000 1267.901748
257.000000 1267.901748
258.000000 1267.901748
259.000000 1267.901748
260.000000 1267.901748
261.000000 1267.901748
262.000000 1267.901748
263.000000 1259.450859
264.000000 1255.248210
265.000000 1260.642923
266.000000 1267.329135
267.000000 1263.967933
268.000000 1239.625994
269.000000 1186.028618
270.000000 1101.739879
271.000000 1008.043317
272.000000 909.408275
273.000000 808.803262
274.000000 714.498467
275.000000 636.320472
276.000000 590.482562
277.000000 631.677398
278.000000 708.246171
279.000000 801.749667
280.000000 902.193461
281.000000 1001.217314
282.000000 1094.852085
283.000000 1180.966562
284.000000 1236.838364
285.000000 1263.043268
286.000000 1481.051389
287.000000 1475.560860
288.000000 1470.609260
289.000000 1473.632361
290.000000 1481.369611
291.000000 1481.369611
292.000000 1481.369611
293.000000 1481.369611
294.000000 1481.369611
295.000000 1481.369611
296.000000 1481.369611
297.000000 1481.369611
298.000000 1481.369611
299.000000 1481.369611
300.000000 1481.369611
301.000000 1481.369611
302.000000 1481.369611
303.000000 1481.369611
304.000000 1481.369611
305.000000 1481.369611
306.000000 1481.369611
307.000000 1481.369611
308.000000 1480.277210
309.000000 1474.661784
310.000000 1479.253259
311.000000 1479.814622
312.000000 1456.727697
313.000000 1396.968130
314.000000 1317.081189
315.000000 1226.014661
316.000000 1306.139571
317.000000 1228.889537
318.000000 1184.208155
319.000000 1233.426058
320.000000 1311.716166
321.000000 1396.802442
322.000000 1476.328670
323.000000 1545.134989
324.000000 1594.276311
325.000000 1612.163589
326.000000 1610.939541
327.000000 1607.366790
328.000000 1610.246470
329.000000 1612.481424
330.000000 1605.628777
331.000000 1559.740714
332.000000 1491.055898
333.000000 1408.830116
334.000000 1331.797424
335.000000 1310.290592
336.000000 1377.348863
337.000000 1460.355746
338.000000 1535.855017
339.000000 1579.524960
340.000000 1521.904323
341.000000 1441.033893
342.000000 1373.517722
343.000000 1407.059427
344.000000 1479.369017
345.000000 1484.748276
346.000000 847.971165
347.000000 861.034027
348.000000 893.626917
349.000000 855.792244
350.000000 881.555327
351.000000 870.138126
352.000000 862.196439
353.000000 872.694172
354.000000 898.526760
355.000000 811.917908
356.000000 682.497800
357.000000 528.672749
358.000000 353.422742
359.000000 183.702287
