0.000000 27896.063888
1.000000 31377.958850
2.000000 38224.420321
3.000000 46864.664974
4.000000 55774.600720
5.000000 64129.014718
6.000000 71243.883132
7.000000 76541.556717
8.000000 78853.833369
9.000000 79247.573990
10.000000 78359.988331
11.000000 77075.426525
12.000000 76329.802731
13.000000 76110.170288
14.000000 73279.267881
15.000000 74377.976925
16.000000 55659.709820
17.000000 54690.031655
18.000000 50699.013308
19.000000 47667.854327
20.000000 50850.160965
21.000000 54634.399338
22.000000 56161.223743
23.000000 56776.983454
24.000000 55697.048884
25.000000 52804.336529
26.000000 47718.001672
27.000000 42708.681268
28.000000 41224.649835
29.000000 45293.315475
30.000000 50701.723652
31.000000 54786.617081
32.000000 57054.684039
33.000000 56929.331214
34.000000 55242.526485
35.000000 52045.814382
36.000000 51953.654646
37.000000 55188.433183
38.000000 56459.577262
39.000000 56124.197420
40.000000 57693.387000
41.000000 58243.570615
42.000000 57742.741572
43.000000 54469.272240
44.000000 49948.380185
45.000000 44417.344030
46.000000 35706.134902
47.000000 31547.276123
48.000000 29179.704681
49.000000 31116.986268
50.000000 35098.636092
51.000000 40087.883546
52.000000 45251.876843
53.000000 49619.122912
54.000000 53010.088128
55.000000 53956.124784
56.000000 53602.178435
57.000000 52251.338732
58.000000 52357.514425
59.000000 51488.422355
60.000000 48687.872270
61.000000 48186.218354
62.000000 51011.467400
63.000000 52935.602603
64.000000 53297.837646
65.000000 51374.142996
66.000000 47630.405654
67.000000 42889.652859
68.000000 39320.480548
69.000000 39904.374513
70.000000 43887.552031
71.000000 48646.809352
72.000000 51969.391347
73.000000 53293.095888
74.000000 52851.205204
75.000000 51634.543948
76.000000 53388.158197
77.000000 50292.841555
78.000000 52435.360205
79.000000 56370.181143
80.000000 58021.032148
81.000000 56557.085731
82.000000 55543.719375
83.000000 57341.858862
84.000000 57751.205934
85.000000 58327.574292
86.000000 59660.748020
87.000000 60596.976192
88.000000 60482.027140
89.000000 58304.983724
90.000000 52989.978229
91.000000 47129.250653
92.000000 41196.592205
93.000000 35324.952250
94.000000 30068.387775
95.000000 25994.525853
96.000000 23424.340773
97.000000 25590.412720
98.000000 29502.447806
99.000000 34642.991764
100.000000 40465.862879
101.000000 46429.775999
102.000000 52228.568298
103.000000 57669.495770
104.000000 60011.977680
105.000000 60184.871456
106.000000 87372.014889
107.000000 85420.825585
108.000000 85198.539090
109.000000 83459.957346
110.000000 82977.013529
111.000000 84916.947426
112.000000 83677.769128
113.000000 78859.342729
114.000000 76404.781984
115.000000 80879.009588
116.000000 84890.632825
117.000000 85700.949697
118.000000 84412.463759
119.000000 80063.387105
120.000000 72911.270924
121.000000 66732.899911
122.000000 68558.533203
123.000000 75567.400074
124.000000 81895.720908
125.000000 85021.414216
126.000000 85155.120187
127.000000 81955.446870
128.000000 79709.743392
129.000000 83093.383887
130.000000 85087.871512
131.000000 85866.136475
132.000000 86199.912222
133.000000 83859.093056
134.000000 78810.570480
135.000000 71565.461784
136.000000 70193.535926
137.000000 60505.943134
138.000000 54695.430923
139.000000 60435.695643
140.000000 70103.393105
141.000000 79669.457930
142.000000 87072.553217
143.000000 92156.737154
144.000000 94362.268557
145.000000 93771.237290
146.000000 92974.848782
147.000000 91001.232676
148.000000 87197.877000
149.000000 89549.573932
150.000000 92778.705010
151.000000 92678.853627
152.000000 89553.094825
153.000000 83153.181615
154.000000 75034.675174
155.000000 72570.963501
156.000000 79854.797756
157.000000 87462.643504
158.000000 91609.139444
159.000000 92804.408354
160.000000 91858.149145
161.000000 87948.184608
162.000000 82534.390531
163.000000 85296.003969
164.000000 90661.441566
165.000000 91751.160502
166.000000 97685.653269
167.000000 98261.675788
168.000000 100474.136316
169.000000 100386.708239
170.000000 102402.134559
171.000000 102889.831954
172.000000 102751.382276
173.000000 100595.248009
174.000000 95190.412053
175.000000 87397.480900
176.000000 77442.031000
177.000000 65856.325918
178.000000 53412.388663
179.000000 42521.021244
180.000000 37016.475185
181.000000 42491.383767
182.000000 53373.878406
183.000000 65819.242103
184.000000 77409.686866
185.000000 87386.717738
186.000000 95333.143214
187.000000 100883.433474
188.000000 103160.223119
189.000000 103501.009154
190.000000 102590.348386
191.000000 101266.423804
192.000000 100524.997408
193.000000 100295.212172
194.000000 97178.356000
195.000000 98394.087402
196.000000 108872.999247
197.000000 107669.279774
198.000000 102102.677246
199.000000 97307.709600
200.000000 102327.455490
201.000000 107595.501033
202.000000 109435.512539
203.000000 110097.025528
204.000000 108970.069469
205.000000 105290.437845
206.000000 97850.616539
207.000000 89131.804127
208.000000 86179.588599
209.000000 93847.676949
210.000000 102362.862033
211.000000 107869.847098
212.000000 110513.255434
213.000000 110325.189018
214.000000 108221.982404
215.000000 103713.365921
216.000000 103554.281959
217.000000 108142.818142
218.000000 109780.297942
219.000000 109121.653545
220.000000 111146.742910
221.000000 111832.522185
222.000000 111400.478392
223.000000 107552.854648
224.000000 101513.536710
225.000000 92913.716491
226.000000 72860.897793
227.000000 62920.336192
228.000000 56746.965379
229.000000 61827.736835
230.000000 71524.736044
231.000000 81700.830530
232.000000 90548.450821
233.000000 97058.002313
234.000000 101529.955848
235.000000 102546.406693
236.000000 102057.352045
237.000000 100161.700941
238.000000 100508.787273
239.000000 99304.309529
240.000000 95073.176933
241.000000 94277.540970
242.000000 98648.811001
243.000000 101305.922190
244.000000 101710.295565
245.000000 99329.998074
246.000000 93951.569330
247.000000 86124.330603
248.000000 79229.134644
249.000000 80448.266183
250.000000 87888.812352
251.000000 95484.678420
252.000000 100158.177599
253.000000 101722.397191
254.000000 101133.259240
255.000000 99625.480959
256.000000 87366.161603
257.000000 82902.812359
258.000000 86039.614308
259.000000 91352.903789
260.000000 93425.826452
261.000000 91497.187481
262.000000 90124.187691
263.000000 92552.362983
264.000000 93044.432824
265.000000 93659.012053
266.000000 95302.908836
267.000000 96437.973143
268.000000 96437.764771
269.000000 93974.691810
270.000000 87313.942972
271.000000 79250.186006
272.000000 70185.200162
273.000000 60041.427996
274.000000 49675.869196
275.000000 41081.669345
276.000000 36603.866264
277.000000 40280.352597
278.000000 48478.832885
279.000000 58764.074411
280.000000 68990.880421
281.000000 78232.316554
282.000000 86311.067588
283.000000 93197.982796
284.000000 95894.061872
285.000000 95950.464787
286.000000 116417.794116
287.000000 114551.470958
288.000000 114424.453094
289.000000 112703.863644
290.000000 112179.912621
291.000000 114160.140276
292.000000 112954.931436
293.000000 108030.245956
294.000000 105386.184635
295.000000 110138.143624
296.000000 114140.362835
297.000000 114855.005579
298.000000 113726.225599
299.000000 109402.955240
300.000000 101781.966293
301.000000 94606.878267
302.000000 96789.684772
303.000000 104685.894441
304.000000 111246.056307
305.000000 114251.915181
306.000000 114375.134290
307.000000 111154.434822
308.000000 108807.139253
309.000000 112327.346200
310.000000 114266.049023
311.000000 114959.237777
312.000000 115386.650615
313.000000 113223.074114
314.000000 108233.383137
315.000000 100524.586203
316.000000 105163.311661
317.000000 93149.397594
318.000000 84818.481279
319.000000 93025.395507
320.000000 105048.012855
321.000000 115331.211044
322.000000 122411.195429
323.000000 126838.381646
324.000000 128619.976827
325.000000 128032.584715
326.000000 127434.649192
327.000000 125725.688127
328.000000 122157.890887
329.000000 124370.685325
330.000000 127290.123776
331.000000 127242.807628
332.000000 124578.206469
333.000000 118605.959574
334.000000 110194.303504
335.000000 107411.707517
336.000000 115303.754978
337.000000 122683.416411
338.000000 126353.252269
339.000000 127289.900404
340.000000 126542.539142
341.000000 123043.986346
342.000000 117810.199932
343.000000 120531.908500
344.000000 125500.409246
345.000000 126441.201069
346.000000 73731.280438
347.000000 74224.185816
348.000000 76271.042372
349.000000 76237.938990
350.000000 78172.939392
351.000000 78651.441302
352.000000 78453.693358
353.000000 76264.423779
354.000000 71111.382307
355.000000 64137.612288
356.000000 55800.476712
357.000000 46891.502365
358.000000 38248.451196
359.000000 31392.901684
