0.000000 214.197373
1.000000 274.764167
2.000000 387.560042
3.000000 519.620492
4.000000 649.564193
5.000000 768.869713
6.000000 861.039315
7.000000 841.474461
8.000000 820.360777
9.000000 829.283430
10.000000 828.440619
11.000000 820.912184
12.000000 828.051866
13.000000 835.761910
14.000000 726.871074
15.000000 757.737044
16.000000 574.103371
17.000000 579.880577
18.000000 512.976045
19.000000 443.373638
20.000000 514.555021
21.000000 558.239264
22.000000 568.879103
23.000000 575.456067
24.000000 572.440239
25.000000 582.014230
26.000000 495.413500
27.000000 378.964991
28.000000 343.406098
29.000000 442.735629
30.000000 552.697113
31.000000 571.207139
32.000000 575.856888
33.000000 564.324002
34.000000 547.142153
35.000000 491.020327
36.000000 489.984913
37.000000 557.643097
38.000000 557.176464
39.000000 514.178276
40.000000 573.901866
41.000000 573.795045
42.000000 574.948245
43.000000 558.638708
44.000000 556.904214
45.000000 480.878600
46.000000 352.405083
47.000000 270.495650
48.000000 219.137867
49.000000 263.533458
50.000000 344.788753
51.000000 434.549025
52.000000 520.914168
53.000000 562.562538
54.000000 533.124917
55.000000 525.508398
56.000000 539.471739
57.000000 513.474414
58.000000 554.019919
59.000000 548.167299
60.000000 458.150583
61.000000 443.841581
62.000000 528.153223
63.000000 544.630345
64.000000 548.184585
65.000000 585.112740
66.000000 524.000976
67.000000 420.114691
68.000000 336.990611
69.000000 352.233474
70.000000 445.213847
71.000000 547.879266
72.000000 598.765201
73.000000 548.644524
74.000000 541.141669
75.000000 561.936051
76.000000 537.003565
77.000000 452.720838
78.000000 514.519617
79.000000 626.220673
80.000000 660.654117
81.000000 588.368338
82.000000 557.278922
83.000000 608.806834
84.000000 596.581467
85.000000 585.330041
86.000000 596.769148
87.000000 629.213811
88.000000 722.605782
89.000000 721.202555
90.000000 639.082494
91.000000 554.604000
92.000000 467.617675
93.000000 379.563062
94.000000 296.905400
95.000000 228.431396
96.000000 180.860809
97.000000 223.529341
98.000000 290.428863
99.000000 372.017675
100.000000 459.580080
101.000000 546.929946
102.000000 630.743230
103.000000 713.843810
104.000000 703.113415
105.000000 612.014252
106.000000 918.759977
107.000000 891.915012
108.000000 930.433697
109.000000 897.252233
110.000000 883.203870
111.000000 969.612029
112.000000 961.996176
113.000000 862.608898
114.000000 820.169894
115.000000 909.459149
116.000000 1025.563471
117.000000 1114.418445
118.000000 1045.312790
119.000000 935.140480
120.000000 824.677552
121.000000 743.509332
122.000000 769.665496
123.000000 866.590912
124.000000 980.159523
125.000000 1083.323306
126.000000 1155.942654
127.000000 1166.544339
128.000000 1163.092754
129.000000 1158.291745
130.000000 1163.827272
131.000000 1166.424402
132.000000 1138.735498
133.000000 1063.123622
134.000000 961.925991
135.000000 854.422280
136.000000 849.717469
137.000000 756.648240
138.000000 700.817599
139.000000 746.830451
140.000000 836.561420
141.000000 944.985809
142.000000 1056.287518
143.000000 1159.372413
144.000000 1240.835599
145.000000 1273.736634
146.000000 1273.539738
147.000000 1267.017459
148.000000 1274.368215
149.000000 1276.221754
150.000000 1276.221754
151.000000 1276.221754
152.000000 1276.221754
153.000000 1276.221754
154.000000 1276.221754
155.000000 1276.221754
156.000000 1276.221754
157.000000 1276.221754
158.000000 1276.221754
159.000000 1276.221754
160.000000 1276.221754
161.000000 1276.221754
162.000000 1276.221754
163.000000 1276.221754
164.000000 1276.221754
165.000000 1276.221754
166.000000 1381.737619
167.000000 1371.771072
168.000000 1367.379652
169.000000 1373.745011
170.000000 1381.205931
171.000000 1376.820602
172.000000 1348.199907
173.000000 1286.145810
174.000000 1189.930520
175.000000 1085.338190
176.000000 977.250526
177.000000 870.333242
178.000000 773.826241
179.000000 697.145480
180.000000 655.005066
181.000000 697.145480
182.000000 773.826241
183.000000 870.333242
184.000000 977.250526
185.000000 1085.338190
186.000000 1189.930520
187.000000 1286.145810
188.000000 1348.199907
189.000000 1376.820602
190.000000 1381.205931
191.000000 1373.745011
192.000000 1367.379652
193.000000 1371.771072
194.000000 1381.737619
195.000000 1381.737619
196.000000 1475.262466
197.000000 1475.262466
198.000000 1475.262466
199.000000 1475.262466
200.000000 1475.262466
201.000000 1475.262466
202.000000 1475.262466
203.000000 1475.262466
204.000000 1475.262466
205.000000 1475.262466
206.000000 1475.262466
207.000000 1475.262466
208.000000 1475.262466
209.000000 1475.262466
210.000000 1475.262466
211.000000 1475.262466
212.000000 1475.262466
213.000000 1475.262466
214.000000 1475.262466
215.000000 1475.262466
216.000000 1475.262466
217.000000 1475.262466
218.000000 1466.188316
219.000000 1468.754083
220.000000 1475.180960
221.000000 1465.025842
222.000000 1419.320673
223.000000 1330.936727
224.000000 1229.202489
225.000000 1117.359027
226.000000 879.234265
227.000000 788.582426
228.000000 736.131827
229.000000 784.935427
230.000000 874.328534
231.000000 982.275515
232.000000 1094.442457
233.000000 1198.604259
234.000000 1292.213944
235.000000 1342.573225
236.000000 1354.751110
237.000000 1348.262038
238.000000 1344.937610
239.000000 1354.667025
240.000000 1354.772233
241.000000 1354.772233
242.000000 1354.772233
243.000000 1354.772233
244.000000 1354.772233
245.000000 1354.772233
246.000000 1354.772233
247.000000 1354.772233
248.000000 1354.772233
249.000000 1354.772233
250.000000 1354.772233
251.000000 1354.772233
252.000000 1354.772233
253.000000 1354.772233
254.000000 1354.772233
255.000000 1354.772233
256.000000 1264.275718
257.000000 1264.275718
258.000000 1264.275718
259.000000 1264.275718
260.000000 1264.275718
261.000000 1264.275718
262.000000 1264.275718
263.000000 1254.352833
264.000000 1249.367298
265.000000 1255.694173
266.000000 1263.587935
267.000000 1259.680266
268.000000 1231.159277
269.000000 1168.846600
270.000000 1072.630192
271.000000 968.744934
272.000000 863.620255
273.000000 761.458436
274.000000 670.884192
275.000000 599.963054
276.000000 560.250855
277.000000 595.876102
278.000000 665.069108
279.000000 754.503557
280.000000 856.116197
281.000000 961.324317
282.000000 1064.875735
283.000000 1163.003263
284.000000 1227.900064
285.000000 1258.596073
286.000000 1525.045301
287.000000 1518.321640
288.000000 1512.259672
289.000000 1515.965457
290.000000 1525.435747
291.000000 1525.435747
292.000000 1525.435747
293.000000 1525.435747
294.000000 1525.435747
295.000000 1525.435747
296.000000 1525.435747
297.000000 1525.435747
298.000000 1525.435747
299.000000 1525.435747
300.000000 1525.435747
301.000000 1525.435747
302.000000 1525.435747
303.000000 1525.435747
304.000000 1525.435747
305.000000 1525.435747
306.000000 1525.435747
307.000000 1525.435747
308.000000 1524.098191
309.000000 1517.224373
310.000000 1522.845652
311.000000 1523.531950
312.000000 1495.257582
313.000000 1422.070292
314.000000 1324.690692
315.000000 1215.097476
316.000000 1304.789429
317.000000 1210.075426
318.000000 1156.059371
319.000000 1215.594168
320.000000 1311.680220
321.000000 1417.430163
322.000000 1516.748485
323.000000 1602.347557
324.000000 1662.866167
325.000000 1684.692777
326.000000 1683.201011
327.000000 1678.849778
328.000000 1682.359674
329.000000 1685.075689
330.000000 1676.743739
331.000000 1620.417116
332.000000 1535.113477
333.000000 1432.407782
334.000000 1336.478571
335.000000 1309.845852
336.000000 1393.125833
337.000000 1496.788024
338.000000 1590.850555
339.000000 1644.801677
340.000000 1573.519623
341.000000 1472.619716
342.000000 1388.311284
343.000000 1430.164244
344.000000 1520.525568
345.000000 1527.232799
346.000000 800.110135
347.000000 813.268509
348.000000 846.124915
349.000000 808.058416
350.000000 833.730267
351.000000 822.372098
352.000000 814.978078
353.000000 825.740372
354.000000 853.024555
355.000000 768.815788
356.000000 649.564193
357.000000 519.620492
358.000000 387.560042
359.000000 274.764167
