0.000000 23039.940729
1.000000 28740.911153
2.000000 38665.283331
3.000000 49159.584226
4.000000 58807.199486
5.000000 67415.760204
6.000000 74472.433250
7.000000 79532.969872
8.000000 81680.573699
9.000000 82018.751909
10.000000 81145.483793
11.000000 79872.333489
12.000000 79175.503521
13.000000 78994.879011
14.000000 76008.513785
15.000000 77177.419338
16.000000 59645.488059
17.000000 58610.414354
18.000000 53945.339433
19.000000 50082.658940
20.000000 54129.482263
21.000000 58544.731494
22.000000 60149.855965
23.000000 60778.269114
24.000000 59735.981160
25.000000 56612.254439
26.000000 50676.289738
27.000000 44168.166780
28.000000 42067.386340
29.000000 47622.874264
30.000000 54225.066522
31.000000 58783.984165
32.000000 61169.050181
33.000000 60994.504175
34.000000 59150.610088
35.000000 55326.592759
36.000000 55198.442202
37.000000 59089.288698
38.000000 60506.784869
39.000000 59965.688943
40.000000 61782.395379
41.000000 62397.283665
42.000000 61971.929246
43.000000 58511.843429
44.000000 53534.697519
45.000000 47026.851656
46.000000 35945.560499
47.000000 29489.446550
48.000000 25532.732761
49.000000 28769.485971
50.000000 35058.110799
51.000000 41941.599732
52.000000 48386.705795
53.000000 53432.403612
54.000000 57140.876827
55.000000 58071.047571
56.000000 57645.814174
57.000000 56005.531077
58.000000 56296.870612
59.000000 55310.761135
60.000000 51811.516618
61.000000 51161.332306
62.000000 54745.081519
63.000000 56961.954861
64.000000 57373.063118
65.000000 55327.167782
66.000000 50997.524399
67.000000 44979.088404
68.000000 39930.776252
69.000000 40799.132471
70.000000 46303.600781
71.000000 52212.279112
72.000000 55991.264451
73.000000 57332.334643
74.000000 56835.902625
75.000000 55556.530753
76.000000 56913.445210
77.000000 53041.068235
78.000000 55752.282062
79.000000 60384.090694
80.000000 62187.594507
81.000000 60408.622424
82.000000 59163.710556
83.000000 61369.913906
84.000000 61818.827312
85.000000 62380.522907
86.000000 63866.720925
87.000000 64890.131020
88.000000 64850.631235
89.000000 62632.800200
90.000000 56948.212610
91.000000 50440.403071
92.000000 43400.287135
93.000000 35796.366985
94.000000 28054.975001
95.000000 21259.439929
96.000000 17824.151555
97.000000 20612.643238
98.000000 27147.791768
99.000000 34853.044197
100.000000 42489.552932
101.000000 49637.888583
102.000000 56120.350682
103.000000 61952.734989
104.000000 64348.036285
105.000000 64440.900248
106.000000 89209.727709
107.000000 87315.841216
108.000000 87178.711212
109.000000 85427.925736
110.000000 84901.827310
111.000000 86920.025379
112.000000 85753.684120
113.000000 80924.112129
114.000000 78357.259645
115.000000 82986.280269
116.000000 86913.276416
117.000000 87634.357235
118.000000 86497.414347
119.000000 82349.162004
120.000000 75134.883326
121.000000 68470.295871
122.000000 70485.780008
123.000000 77872.494833
124.000000 84110.685684
125.000000 87048.844099
126.000000 87146.057576
127.000000 83973.647705
128.000000 81672.959723
129.000000 85136.329538
130.000000 87050.400322
131.000000 87740.591035
132.000000 88135.115502
133.000000 86001.101675
134.000000 81232.285055
135.000000 74145.771144
136.000000 71858.888274
137.000000 61602.713812
138.000000 54768.642113
139.000000 61519.066710
140.000000 71763.117585
141.000000 81314.817482
142.000000 88327.497009
143.000000 93035.518089
144.000000 95009.056879
145.000000 94391.965049
146.000000 93691.241883
147.000000 91840.811015
148.000000 88079.354643
149.000000 90410.493816
150.000000 93529.727397
151.000000 93464.924157
152.000000 90582.902488
153.000000 84480.870646
154.000000 76269.293558
155.000000 73649.927854
156.000000 81220.702637
157.000000 88614.999040
158.000000 92481.015651
159.000000 93520.766088
160.000000 92678.907891
161.000000 88963.408380
162.000000 83567.320529
163.000000 86354.094599
164.000000 91568.393620
165.000000 92570.153291
166.000000 97256.733386
167.000000 97814.737307
168.000000 99908.883319
169.000000 99771.668270
170.000000 101671.893928
171.000000 102106.006792
172.000000 101970.477657
173.000000 100037.412644
174.000000 95162.997766
175.000000 88035.072190
176.000000 78745.402897
177.000000 67404.257623
178.000000 54774.913507
179.000000 42003.884693
180.000000 34207.073974
181.000000 41967.056312
182.000000 54734.387027
183.000000 67366.615711
184.000000 78714.871303
185.000000 88025.865706
186.000000 95299.153670
187.000000 100308.296011
188.000000 102354.462480
189.000000 102675.960490
190.000000 101842.742813
191.000000 100607.383267
192.000000 99927.573582
193.000000 99745.613220
194.000000 96769.044181
195.000000 97939.331987
196.000000 107013.642531
197.000000 105910.634337
198.000000 100776.638059
199.000000 96242.379488
200.000000 100986.457146
201.000000 105838.864496
202.000000 107514.387434
203.000000 108111.519036
204.000000 107091.271756
205.000000 103741.755779
206.000000 96900.757545
207.000000 88597.505869
208.000000 85679.089139
209.000000 93134.573542
210.000000 101069.490524
211.000000 106076.841951
212.000000 108495.884333
213.000000 108317.551586
214.000000 106401.469626
215.000000 102223.774531
216.000000 102072.094846
217.000000 106330.448651
218.000000 107826.176357
219.000000 107193.140074
220.000000 109054.407128
221.000000 109675.434417
222.000000 109291.104033
223.000000 105769.993632
224.000000 100316.013046
225.000000 92425.949276
226.000000 73946.644137
227.000000 63544.986355
228.000000 56326.061725
229.000000 62318.616737
230.000000 72567.783318
231.000000 82701.223781
232.000000 91058.339317
233.000000 97057.245319
234.000000 101104.029402
235.000000 101987.723970
236.000000 101535.842108
237.000000 99726.495714
238.000000 100125.604307
239.000000 99024.167367
240.000000 94957.013818
241.000000 94178.915413
242.000000 98404.392375
243.000000 100872.169718
244.000000 101244.655776
245.000000 99111.603034
246.000000 94129.001518
247.000000 86605.851385
248.000000 79608.194304
249.000000 80877.781228
250.000000 88329.265538
251.000000 95567.774126
252.000000 99868.005456
253.000000 101235.842232
254.000000 100698.973787
255.000000 99354.412859
256.000000 88442.639141
257.000000 83930.887565
258.000000 87120.792921
259.000000 92315.951331
260.000000 94258.711246
261.000000 92334.748192
262.000000 90959.056108
263.000000 93387.619083
264.000000 93852.178180
265.000000 94392.483228
266.000000 95954.504687
267.000000 97019.694985
268.000000 97056.870832
269.000000 94840.510488
270.000000 88689.480528
271.000000 81136.925094
272.000000 72366.713946
273.000000 62100.247005
274.000000 50950.156122
275.000000 40186.845658
276.000000 33548.027055
277.000000 39061.328689
278.000000 49554.912117
279.000000 60790.251064
280.000000 71176.976301
281.000000 80171.468228
282.000000 87754.524124
283.000000 94123.970110
284.000000 96550.348814
285.000000 96559.635675
286.000000 113512.037578
287.000000 111835.774956
288.000000 111740.328658
289.000000 110180.236458
290.000000 109704.681981
291.000000 111501.002664
292.000000 110380.658030
293.000000 105888.250687
294.000000 103443.453532
295.000000 107818.060204
296.000000 111478.441011
297.000000 112117.106898
298.000000 111094.199171
299.000000 107125.174170
300.000000 100151.929222
301.000000 93382.460551
302.000000 95468.971394
303.000000 102830.102635
304.000000 108802.630590
305.000000 111574.819001
306.000000 111682.263858
307.000000 108732.559990
308.000000 106577.971595
309.000000 109805.554284
310.000000 111577.908068
311.000000 112200.616464
312.000000 112586.060773
313.000000 110617.873387
314.000000 106031.263084
315.000000 99055.710528
316.000000 102006.224245
317.000000 90936.570055
318.000000 82869.816711
319.000000 90827.877742
320.000000 101907.270177
321.000000 111220.819789
322.000000 117865.702721
323.000000 121910.141736
324.000000 123522.158169
325.000000 123001.841135
326.000000 122464.438017
327.000000 120918.722169
328.000000 117675.758988
329.000000 119689.015523
330.000000 122335.432568
331.000000 122297.662638
332.000000 119870.244456
333.000000 114326.187185
334.000000 106603.844666
335.000000 104055.220558
336.000000 111291.454834
337.000000 118127.876263
338.000000 121493.835523
339.000000 122356.557164
340.000000 121670.488319
341.000000 118480.846396
342.000000 113683.180340
343.000000 116175.574361
344.000000 120724.778994
345.000000 121585.938490
346.000000 76492.060092
347.000000 77045.703777
348.000000 79158.323734
349.000000 79025.020347
350.000000 80965.420277
351.000000 81422.746232
352.000000 81279.257452
353.000000 79253.521853
354.000000 74333.747023
355.000000 67423.464757
356.000000 58833.842395
357.000000 49189.991920
358.000000 38697.244945
359.000000 28766.382927
