0.000000 126.065357
1.000000 226.951953
2.000000 392.211547
3.000000 550.579388
4.000000 689.627609
5.000000 811.627941
6.000000 902.466083
7.000000 879.563030
8.000000 857.534594
9.000000 866.572470
10.000000 865.699315
11.000000 857.963824
12.000000 865.625924
13.000000 876.012776
14.000000 762.879542
15.000000 795.651246
16.000000 610.640598
17.000000 618.720057
18.000000 541.944640
19.000000 452.840781
20.000000 543.546245
21.000000 592.835651
22.000000 603.735134
23.000000 610.714814
24.000000 607.756826
25.000000 623.015637
26.000000 525.350211
27.000000 375.015910
28.000000 323.273201
29.000000 460.017982
30.000000 591.109726
31.000000 607.314751
32.000000 611.713293
33.000000 598.702877
34.000000 580.546563
35.000000 513.986576
36.000000 512.807592
37.000000 593.340700
38.000000 591.990225
39.000000 541.407000
40.000000 611.674299
41.000000 608.593131
42.000000 610.814600
43.000000 592.784313
44.000000 595.039627
45.000000 507.996805
46.000000 340.458319
47.000000 213.235931
48.000000 128.512893
49.000000 201.185170
50.000000 329.949479
51.000000 451.071850
52.000000 556.813565
53.000000 602.134444
54.000000 563.705848
55.000000 553.698530
56.000000 571.199485
57.000000 538.313362
58.000000 589.576606
59.000000 586.472735
60.000000 475.324546
61.000000 456.346840
62.000000 562.478044
63.000000 578.059968
64.000000 581.775082
65.000000 628.643389
66.000000 560.169224
67.000000 430.430354
68.000000 311.738189
69.000000 334.948312
70.000000 463.299760
71.000000 588.155440
72.000000 644.092497
73.000000 582.291739
74.000000 573.202264
75.000000 601.841533
76.000000 570.536828
77.000000 464.603487
78.000000 543.278216
79.000000 673.065735
80.000000 709.190057
81.000000 625.018868
82.000000 587.424682
83.000000 649.570882
84.000000 635.020127
85.000000 621.460069
86.000000 634.944082
87.000000 672.608593
88.000000 776.606456
89.000000 775.222441
90.000000 687.613989
91.000000 594.422673
92.000000 492.050079
93.000000 379.255500
94.000000 258.170145
95.000000 143.352206
96.000000 89.300830
97.000000 135.893546
98.000000 247.712800
99.000000 368.817482
100.000000 482.034866
101.000000 585.611346
102.000000 678.538602
103.000000 767.423708
104.000000 755.453461
105.000000 652.644357
106.000000 948.710479
107.000000 921.618405
108.000000 960.891156
109.000000 927.296563
110.000000 912.618653
111.000000 999.580915
112.000000 992.203191
113.000000 891.903671
114.000000 847.775215
115.000000 939.625899
116.000000 1053.997989
117.000000 1138.538581
118.000000 1073.057501
119.000000 965.738274
120.000000 853.162896
121.000000 766.507943
122.000000 794.844136
123.000000 896.538701
124.000000 1010.128879
125.000000 1109.181878
126.000000 1176.646369
127.000000 1186.101157
128.000000 1183.020069
129.000000 1178.566535
130.000000 1183.643285
131.000000 1186.066663
132.000000 1160.605116
133.000000 1089.912160
134.000000 992.438053
135.000000 884.671604
136.000000 866.707339
137.000000 767.763424
138.000000 706.042348
139.000000 757.049159
140.000000 852.989379
141.000000 963.753337
142.000000 1072.764996
143.000000 1170.383531
144.000000 1245.605881
145.000000 1275.548891
146.000000 1275.328626
147.000000 1269.404033
148.000000 1276.121476
149.000000 1277.784380
150.000000 1277.784380
151.000000 1277.784380
152.000000 1277.784380
153.000000 1277.784380
154.000000 1277.784380
155.000000 1277.784380
156.000000 1277.784380
157.000000 1277.784380
158.000000 1277.784380
159.000000 1277.784380
160.000000 1277.784380
161.000000 1277.784380
162.000000 1277.784380
163.000000 1277.784380
164.000000 1277.784380
165.000000 1277.784380
166.000000 1364.399620
167.000000 1355.379559
168.000000 1351.585655
169.000000 1357.349438
170.000000 1363.962052
171.000000 1359.856710
172.000000 1333.922295
173.000000 1277.579911
174.000000 1189.184848
175.000000 1091.129635
176.000000 986.531247
177.000000 879.113932
178.000000 777.902669
179.000000 693.912632
180.000000 646.150228
181.000000 693.912632
182.000000 777.902669
183.000000 879.113932
184.000000 986.531247
185.000000 1091.129635
186.000000 1189.184848
187.000000 1277.579911
188.000000 1333.922295
189.000000 1359.856710
190.000000 1363.962052
191.000000 1357.349438
192.000000 1351.585655
193.000000 1355.379559
194.000000 1364.399620
195.000000 1364.399620
196.000000 1440.555464
197.000000 1440.555464
198.000000 1440.555464
199.000000 1440.555464
200.000000 1440.555464
201.000000 1440.555464
202.000000 1440.555464
203.000000 1440.555464
204.000000 1440.555464
205.000000 1440.555464
206.000000 1440.555464
207.000000 1440.555464
208.000000 1440.555464
209.000000 1440.555464
210.000000 1440.555464
211.000000 1440.555464
212.000000 1440.555464
213.000000 1440.555464
214.000000 1440.555464
215.000000 1440.555464
216.000000 1440.555464
217.000000 1440.555464
218.000000 1432.520174
219.000000 1434.797361
220.000000 1440.483981
221.000000 1431.483329
222.000000 1390.920909
223.000000 1311.951300
224.000000 1219.765125
225.000000 1116.187499
226.000000 888.732775
227.000000 793.591609
228.000000 736.608605
229.000000 789.678723
230.000000 883.681589
231.000000 992.591789
232.000000 1101.487623
233.000000 1199.519483
234.000000 1285.628576
235.000000 1331.335666
236.000000 1342.342342
237.000000 1336.492888
238.000000 1333.484019
239.000000 1342.261625
240.000000 1342.360891
241.000000 1342.360891
242.000000 1342.360891
243.000000 1342.360891
244.000000 1342.360891
245.000000 1342.360891
246.000000 1342.360891
247.000000 1342.360891
248.000000 1342.360891
249.000000 1342.360891
250.000000 1342.360891
251.000000 1342.360891
252.000000 1342.360891
253.000000 1342.360891
254.000000 1342.360891
255.000000 1342.360891
256.000000 1267.901748
257.000000 1267.901748
258.000000 1267.901748
259.000000 1267.901748
260.000000 1267.901748
261.000000 1267.901748
262.000000 1267.901748
263.000000 1258.780944
264.000000 1254.425032
265.000000 1260.247890
266.000000 1267.329927
267.000000 1263.573511
268.000000 1237.323995
269.000000 1179.731996
270.000000 1089.288520
271.000000 988.978759
272.000000 883.351540
273.000000 775.903267
274.000000 675.632816
275.000000 593.000958
276.000000 544.829965
277.000000 588.111124
278.000000 669.005611
279.000000 768.385865
280.000000 875.634100
281.000000 981.663314
282.000000 1081.907923
283.000000 1174.296399
284.000000 1234.325402
285.000000 1262.570672
286.000000 1481.046645
287.000000 1475.172586
288.000000 1469.804497
289.000000 1472.981303
290.000000 1481.369611
291.000000 1481.369611
292.000000 1481.369611
293.000000 1481.369611
294.000000 1481.369611
295.000000 1481.369611
296.000000 1481.369611
297.000000 1481.369611
298.000000 1481.369611
299.000000 1481.369611
300.000000 1481.369611
301.000000 1481.369611
302.000000 1481.369611
303.000000 1481.369611
304.000000 1481.369611
305.000000 1481.369611
306.000000 1481.369611
307.000000 1481.369611
308.000000 1480.200608
309.000000 1474.125242
310.000000 1479.076829
311.000000 1479.701518
312.000000 1454.797410
313.000000 1390.116879
314.000000 1303.327503
315.000000 1204.163410
316.000000 1277.444950
317.000000 1192.476882
318.000000 1143.336728
319.000000 1197.466910
320.000000 1283.577005
321.000000 1377.060566
322.000000 1464.209919
323.000000 1539.331277
324.000000 1592.729763
325.000000 1612.093826
326.000000 1610.757028
327.000000 1606.891546
328.000000 1610.020852
329.000000 1612.415874
330.000000 1605.082713
331.000000 1555.289239
332.000000 1480.270959
333.000000 1390.060214
334.000000 1305.287865
335.000000 1281.593178
336.000000 1355.438399
337.000000 1446.633465
338.000000 1529.236040
339.000000 1576.872335
340.000000 1513.960313
341.000000 1425.293914
342.000000 1350.993620
343.000000 1387.930153
344.000000 1467.437658
345.000000 1473.295605
346.000000 835.960377
347.000000 850.120200
348.000000 884.422313
349.000000 844.428389
350.000000 871.218748
351.000000 859.348606
352.000000 851.962948
353.000000 863.416679
354.000000 894.207488
355.000000 811.574442
356.000000 689.627609
357.000000 550.579388
358.000000 392.211547
359.000000 226.951953
