0.000000 191.831179
1.000000 240.943192
2.000000 311.285161
3.000000 391.632351
4.000000 478.520791
5.000000 567.189271
6.000000 640.610976
7.000000 618.347543
8.000000 599.268976
9.000000 606.820070
10.000000 606.065330
11.000000 599.475696
12.000000 606.245384
13.000000 616.919507
14.000000 526.382916
15.000000 551.319320
16.000000 596.101275
17.000000 603.477630
18.000000 532.547486
19.000000 457.201800
20.000000 534.012465
21.000000 579.327631
22.000000 589.889893
23.000000 596.343667
24.000000 593.629371
25.000000 607.274517
26.000000 517.819939
27.000000 397.096935
28.000000 360.175101
29.000000 463.144187
30.000000 577.017073
31.000000 593.008701
32.000000 597.297757
33.000000 585.247687
34.000000 567.783606
35.000000 508.150157
36.000000 507.133830
37.000000 579.533950
38.000000 578.379081
39.000000 532.111294
40.000000 596.695954
41.000000 594.378999
42.000000 596.413016
43.000000 579.415168
44.000000 580.907369
45.000000 503.120690
46.000000 402.019412
47.000000 308.386945
48.000000 251.514956
49.000000 300.631581
50.000000 393.783557
51.000000 496.027108
52.000000 595.483123
53.000000 642.051034
54.000000 604.930950
55.000000 595.488721
56.000000 612.550886
57.000000 580.716134
58.000000 630.497333
59.000000 625.603749
60.000000 518.584799
61.000000 501.409475
62.000000 601.748556
63.000000 619.033376
64.000000 622.925192
65.000000 669.048820
66.000000 598.710526
67.000000 477.569439
68.000000 379.470667
69.000000 397.617955
70.000000 507.014530
71.000000 626.649505
72.000000 685.130141
73.000000 623.435543
74.000000 614.476226
75.000000 641.539808
76.000000 549.678706
77.000000 459.841433
78.000000 525.624242
79.000000 645.570816
80.000000 681.294036
81.000000 600.354754
82.000000 565.900123
83.000000 623.459245
84.000000 609.676761
85.000000 597.023675
86.000000 609.611879
87.000000 645.383176
88.000000 749.284657
89.000000 747.874402
90.000000 659.616720
91.000000 571.275847
92.000000 482.701274
93.000000 395.477316
94.000000 314.660182
95.000000 246.995668
96.000000 203.798070
97.000000 242.247919
98.000000 308.193302
99.000000 387.974851
100.000000 474.537593
101.000000 563.285998
102.000000 650.742102
103.000000 739.899396
104.000000 727.582608
105.000000 626.267046
106.000000 611.119256
107.000000 588.039082
108.000000 622.105720
109.000000 593.052454
110.000000 580.457742
111.000000 656.579341
112.000000 650.011868
113.000000 563.818954
114.000000 528.941279
115.000000 603.577096
116.000000 707.450825
117.000000 792.139391
118.000000 726.028628
119.000000 626.578631
120.000000 533.669414
121.000000 470.145749
122.000000 490.155073
123.000000 568.076958
124.000000 666.434442
125.000000 761.942469
126.000000 831.720099
127.000000 841.493013
128.000000 838.297800
129.000000 833.483573
130.000000 838.901344
131.000000 841.548487
132.000000 814.541862
133.000000 742.490141
134.000000 650.525344
135.000000 559.056798
136.000000 476.626578
137.000000 413.328991
138.000000 378.373093
139.000000 407.016931
140.000000 467.302278
141.000000 547.772183
142.000000 638.777436
143.000000 730.538891
144.000000 807.892103
145.000000 840.267428
146.000000 839.962840
147.000000 833.476747
148.000000 840.895595
149.000000 842.695440
150.000000 842.695440
151.000000 842.695440
152.000000 842.695440
153.000000 842.695440
154.000000 842.695440
155.000000 842.695440
156.000000 842.695440
157.000000 842.695440
158.000000 842.695440
159.000000 842.695440
160.000000 842.695440
161.000000 842.695440
162.000000 842.695440
163.000000 842.695440
164.000000 842.695440
165.000000 842.695440
166.000000 842.695440
167.000000 832.182404
168.000000 828.202915
169.000000 834.876445
170.000000 842.276126
171.000000 837.161857
172.000000 807.412130
173.000000 746.379383
174.000000 659.024807
175.000000 573.289228
176.000000 493.277817
177.000000 422.952654
178.000000 366.872744
179.000000 327.157255
180.000000 307.047360
181.000000 327.157255
182.000000 366.872744
183.000000 422.952654
184.000000 493.277817
185.000000 573.289228
186.000000 659.024807
187.000000 746.379383
188.000000 807.412130
189.000000 837.161857
190.000000 842.276126
191.000000 834.876445
192.000000 828.202915
193.000000 832.182404
194.000000 842.695440
195.000000 842.695440
196.000000 842.695440
197.000000 842.695440
198.000000 842.695440
199.000000 842.695440
200.000000 842.695440
201.000000 842.695440
202.000000 842.695440
203.000000 842.695440
204.000000 842.695440
205.000000 842.695440
206.000000 842.695440
207.000000 842.695440
208.000000 842.695440
209.000000 842.695440
210.000000 842.695440
211.000000 842.695440
212.000000 842.695440
213.000000 842.695440
214.000000 842.695440
215.000000 842.695440
216.000000 842.695440
217.000000 842.695440
218.000000 832.870191
219.000000 835.662945
220.000000 842.610240
221.000000 831.581580
222.000000 783.559459
223.000000 697.188347
224.000000 607.540491
225.000000 520.164683
226.000000 444.616463
227.000000 388.304249
228.000000 358.541180
229.000000 386.168370
230.000000 441.410075
231.000000 516.173106
232.000000 603.200319
233.000000 692.590245
234.000000 780.157464
235.000000 830.221809
236.000000 842.675343
237.000000 836.063875
238.000000 832.659971
239.000000 842.573909
240.000000 842.695440
241.000000 842.695440
242.000000 842.695440
243.000000 842.695440
244.000000 842.695440
245.000000 842.695440
246.000000 842.695440
247.000000 842.695440
248.000000 842.695440
249.000000 842.695440
250.000000 842.695440
251.000000 842.695440
252.000000 842.695440
253.000000 842.695440
254.000000 842.695440
255.000000 842.695440
256.000000 842.695440
257.000000 842.695440
258.000000 842.695440
259.000000 842.695440
260.000000 842.695440
261.000000 842.695440
262.000000 842.695440
263.000000 832.587538
264.000000 828.122455
265.000000 834.537731
266.000000 842.141644
267.000000 837.726632
268.000000 809.052020
269.000000 749.175175
270.000000 662.465367
271.000000 576.329680
272.000000 496.080752
273.000000 425.300955
274.000000 368.651332
275.000000 328.316851
276.000000 307.212346
277.000000 326.097512
278.000000 365.212181
279.000000 420.746084
280.000000 490.637479
281.000000 570.422442
282.000000 655.777839
283.000000 743.715298
284.000000 805.839247
285.000000 836.606174
286.000000 842.384993
287.000000 835.190145
288.000000 828.295680
289.000000 831.839093
290.000000 842.695440
291.000000 842.695440
292.000000 842.695440
293.000000 842.695440
294.000000 842.695440
295.000000 842.695440
296.000000 842.695440
297.000000 842.695440
298.000000 842.695440
299.000000 842.695440
300.000000 842.695440
301.000000 842.695440
302.000000 842.695440
303.000000 842.695440
304.000000 842.695440
305.000000 842.695440
306.000000 842.695440
307.000000 842.695440
308.000000 841.255238
309.000000 833.451383
310.000000 839.718248
311.000000 840.618427
312.000000 809.539217
313.000000 733.407268
314.000000 641.570253
315.000000 550.436780
316.000000 469.486840
317.000000 408.471975
318.000000 378.038100
319.000000 411.752709
320.000000 474.333062
321.000000 556.302084
322.000000 647.676678
323.000000 739.621914
324.000000 812.996476
325.000000 841.284357
326.000000 839.165727
327.000000 833.453869
328.000000 838.228362
329.000000 841.526883
330.000000 831.534463
331.000000 761.452089
332.000000 665.902343
333.000000 567.591954
334.000000 489.846054
335.000000 470.432273
336.000000 534.220718
337.000000 627.249373
338.000000 726.665050
339.000000 791.931870
340.000000 706.730563
341.000000 602.921569
342.000000 528.609696
343.000000 564.184911
344.000000 650.582815
345.000000 657.116031
346.000000 580.688073
347.000000 592.892205
348.000000 622.725059
349.000000 587.886620
350.000000 610.872903
351.000000 600.569104
352.000000 594.555651
353.000000 604.423083
354.000000 633.191083
355.000000 567.148162
356.000000 478.520791
357.000000 391.632351
358.000000 311.285161
359.000000 240.943192
