0.000000 28079.209869
1.000000 31357.035965
2.000000 37657.061243
3.000000 45632.468647
4.000000 54208.640614
5.000000 62619.511847
6.000000 70006.980801
7.000000 75657.124450
8.000000 78171.035800
9.000000 78617.028573
10.000000 77661.153297
11.000000 76267.996257
12.000000 75460.646200
13.000000 75232.921209
14.000000 72181.603866
15.000000 73364.357965
16.000000 55136.120197
17.000000 54136.985403
18.000000 50021.325243
19.000000 46923.734577
20.000000 50176.090959
21.000000 54077.901066
22.000000 55656.604720
23.000000 56305.598302
24.000000 55187.972661
25.000000 52213.732931
26.000000 47066.314513
27.000000 42085.519926
28.000000 40623.213515
29.000000 44644.569545
30.000000 50073.133447
31.000000 54251.309730
32.000000 56618.279533
33.000000 56477.947580
34.000000 54719.013522
35.000000 51402.909332
36.000000 51307.781625
37.000000 54667.051937
38.000000 55987.267369
39.000000 55629.946776
40.000000 57284.568758
41.000000 57865.976559
42.000000 57340.156517
43.000000 53930.861478
44.000000 49322.165526
45.000000 43831.446965
46.000000 35485.447931
47.000000 31495.984696
48.000000 29206.439573
49.000000 31080.616475
50.000000 34904.918710
51.000000 39702.210522
52.000000 44780.013733
53.000000 49177.446540
54.000000 52674.681312
55.000000 53664.504453
56.000000 53284.595134
57.000000 51858.299399
58.000000 51980.710263
59.000000 51088.708783
60.000000 48182.125641
61.000000 47665.607001
62.000000 50589.417303
63.000000 52587.747078
64.000000 52982.066274
65.000000 50979.395547
66.000000 47156.654261
67.000000 42384.399542
68.000000 38836.620048
69.000000 39415.442034
70.000000 43383.843368
71.000000 48192.106115
72.000000 51595.133561
73.000000 52968.415359
74.000000 52495.068422
75.000000 51237.898568
76.000000 52728.100469
77.000000 49524.208621
78.000000 51736.043761
79.000000 55846.708240
80.000000 57575.794019
81.000000 55993.904808
82.000000 54911.983386
83.000000 56830.564972
84.000000 57275.849827
85.000000 57892.596711
86.000000 59310.480068
87.000000 60303.651555
88.000000 60161.367841
89.000000 57856.020680
90.000000 52348.868870
91.000000 46453.767854
92.000000 40660.337113
93.000000 35086.624276
94.000000 30155.495643
95.000000 26279.189549
96.000000 23891.349574
97.000000 25895.123390
98.000000 29621.259834
99.000000 34446.883842
100.000000 39958.696564
101.000000 45761.356276
102.000000 51572.380130
103.000000 57186.711966
104.000000 59657.238884
105.000000 59859.332833
106.000000 86826.963800
107.000000 84706.397911
108.000000 84467.209217
109.000000 82558.235348
110.000000 82036.733921
111.000000 84163.245905
112.000000 82819.634601
113.000000 77598.118651
114.000000 74967.781029
115.000000 79777.315035
116.000000 84134.469660
117.000000 85020.093822
118.000000 83620.418336
119.000000 78917.468569
120.000000 71291.592486
121.000000 64866.092187
122.000000 66745.369089
123.000000 74102.664767
124.000000 80893.090549
125.000000 84285.851257
126.000000 84420.759990
127.000000 80938.463664
128.000000 78513.890453
129.000000 82175.721803
130.000000 84341.213876
131.000000 85185.608654
132.000000 85550.819516
133.000000 83014.258535
134.000000 77568.206556
135.000000 69904.001435
136.000000 67926.291131
137.000000 58334.610803
138.000000 52794.219639
139.000000 58266.498821
140.000000 67834.427815
141.000000 77775.042757
142.000000 85721.817315
143.000000 91260.369603
144.000000 93666.995397
145.000000 93020.576445
146.000000 92153.517718
147.000000 89997.536744
148.000000 85860.121983
149.000000 88412.211590
150.000000 91943.713448
151.000000 91842.107712
152.000000 88424.254947
153.000000 81489.045495
154.000000 72896.283365
155.000000 70348.282779
156.000000 77965.175165
157.000000 86147.993094
158.000000 90669.851334
159.000000 91977.426237
160.000000 90939.714183
161.000000 86668.404293
162.000000 80820.548283
163.000000 83790.837552
164.000000 89634.627310
165.000000 90826.828262
166.000000 96540.200265
167.000000 97164.588323
168.000000 99601.290698
169.000000 99514.658588
170.000000 101712.292441
171.000000 102231.953286
172.000000 102058.589821
173.000000 99674.962599
174.000000 93727.616545
175.000000 85248.164564
176.000000 74671.058735
177.000000 62933.431760
178.000000 51141.396093
179.000000 41331.000632
180.000000 36338.591065
181.000000 41305.381422
182.000000 51106.878893
183.000000 62897.448730
184.000000 74637.431722
185.000000 85236.298944
186.000000 93882.313662
187.000000 99990.211878
188.000000 102504.880622
189.000000 102896.759609
190.000000 101916.562566
191.000000 100476.270846
192.000000 99660.059593
193.000000 99398.201898
194.000000 95988.412428
195.000000 97315.931275
196.000000 108141.812963
197.000000 106808.207384
198.000000 100688.617598
199.000000 95479.446644
200.000000 100934.970612
201.000000 106725.533355
202.000000 108751.645391
203.000000 109473.319840
204.000000 108235.911686
205.000000 104171.307692
206.000000 95990.078308
207.000000 86601.542880
208.000000 83493.893908
209.000000 91645.264471
210.000000 100939.404219
211.000000 107018.229717
212.000000 109919.924893
213.000000 109713.136789
214.000000 107403.173384
215.000000 102471.902212
216.000000 102298.715888
217.000000 107316.252152
218.000000 109116.102625
219.000000 108395.057633
220.000000 110597.702119
221.000000 111345.441517
222.000000 110865.918088
223.000000 106645.615237
224.000000 99987.654813
225.000000 90583.624222
226.000000 70292.063448
227.000000 60510.624290
228.000000 54672.526759
229.000000 59464.616594
230.000000 68944.758067
231.000000 79433.062217
232.000000 88919.987070
233.000000 96030.120712
234.000000 100927.014034
235.000000 102041.006117
236.000000 101511.283142
237.000000 99446.209365
238.000000 99827.090613
239.000000 98506.826894
240.000000 93887.114567
241.000000 93023.466499
242.000000 97785.813324
243.000000 100700.365519
244.000000 101141.974997
245.000000 98538.503377
246.000000 92642.830175
247.000000 84173.615540
248.000000 76890.726539
249.000000 78162.691006
250.000000 86066.254215
251.000000 94317.860847
252.000000 99447.820911
253.000000 101151.051484
254.000000 100514.127559
255.000000 98862.854567
256.000000 86135.311778
257.000000 81323.621574
258.000000 84698.046265
259.000000 90479.349809
260.000000 92749.162609
261.000000 90635.499484
262.000000 89137.004557
263.000000 91784.085536
264.000000 92323.559058
265.000000 92992.069682
266.000000 94782.108344
267.000000 96010.981630
268.000000 95996.016828
269.000000 93288.206453
270.000000 86018.901043
271.000000 77371.126568
272.000000 67911.215044
273.000000 57792.746079
274.000000 47997.450315
275.000000 40126.589910
276.000000 35983.200948
277.000000 39390.462230
278.000000 46895.303190
279.000000 56558.684304
280.000000 66692.074918
281.000000 76292.554978
282.000000 84933.151701
283.000000 92438.694863
284.000000 95400.536159
285.000000 95477.423442
286.000000 116012.288629
287.000000 114006.116673
288.000000 113871.725243
289.000000 112014.460176
290.000000 111458.471552
291.000000 113583.701808
292.000000 112251.227482
293.000000 106876.463818
294.000000 104007.065930
295.000000 109171.331635
296.000000 113555.297025
297.000000 114334.789431
298.000000 113093.797797
299.000000 108321.831730
300.000000 99956.537861
301.000000 92205.283440
302.000000 94546.682064
303.000000 103133.869265
304.000000 110361.870391
305.000000 113672.996861
306.000000 113806.075260
307.000000 110280.559133
308.000000 107728.089336
309.000000 111561.412913
310.000000 113685.515798
311.000000 114442.378814
312.000000 114894.597076
313.000000 112522.464938
314.000000 107016.037507
315.000000 98490.172598
316.000000 102295.863952
317.000000 89406.815563
318.000000 80964.439752
319.000000 89280.547929
320.000000 102170.922323
321.000000 113604.410819
322.000000 121500.227333
323.000000 126364.375867
324.000000 128301.544169
325.000000 127676.728759
326.000000 127035.178971
327.000000 125181.884078
328.000000 121326.888103
329.000000 123715.968076
330.000000 126880.730357
331.000000 126833.094663
332.000000 123917.002794
333.000000 117312.132379
334.000000 108059.958246
335.000000 105034.829852
336.000000 113665.375278
337.000000 121825.689379
338.000000 125871.840811
339.000000 126908.327638
340.000000 126087.066827
341.000000 122264.345394
342.000000 116580.569633
343.000000 119530.966879
344.000000 124949.469667
345.000000 125987.092665
346.000000 72664.515163
347.000000 73189.864943
348.000000 75407.495549
349.000000 75357.995246
350.000000 77457.105382
351.000000 77966.524768
352.000000 77734.388768
353.000000 75356.797465
354.000000 69863.156963
355.000000 62627.387384
356.000000 54233.941940
357.000000 45657.417450
358.000000 37678.954931
359.000000 31371.374543
