0.000000 229.542845
1.000000 285.977838
2.000000 387.360654
3.000000 506.028190
4.000000 629.179299
5.000000 748.339109
6.000000 843.273851
7.000000 820.189817
8.000000 797.262091
9.000000 807.091094
10.000000 806.275827
11.000000 798.075558
12.000000 805.880087
13.000000 815.503528
14.000000 699.629282
15.000000 732.188747
16.000000 560.404194
17.000000 567.539692
18.000000 501.456729
19.000000 431.382244
20.000000 502.788172
21.000000 544.776516
22.000000 554.528230
23.000000 560.389607
24.000000 557.952532
25.000000 571.352561
26.000000 488.213540
27.000000 376.726835
28.000000 342.822763
29.000000 437.579770
30.000000 543.204857
31.000000 557.505257
32.000000 561.421213
33.000000 550.255836
34.000000 534.076575
35.000000 478.641692
36.000000 477.701654
37.000000 545.132262
38.000000 543.958348
39.000000 500.830890
40.000000 561.174559
41.000000 558.511453
42.000000 560.648099
43.000000 544.814776
44.000000 546.719796
45.000000 474.562690
46.000000 354.815824
47.000000 278.871929
48.000000 230.404298
49.000000 272.467192
50.000000 348.174154
51.000000 431.713639
52.000000 514.967881
53.000000 553.878012
54.000000 520.979238
55.000000 512.680837
56.000000 527.374982
57.000000 499.864323
58.000000 543.194836
59.000000 540.101034
60.000000 449.317222
61.000000 434.924594
62.000000 519.599340
63.000000 533.177569
64.000000 536.350041
65.000000 577.421072
66.000000 517.671232
67.000000 416.242286
68.000000 335.918244
69.000000 350.682796
70.000000 440.663012
71.000000 541.523399
72.000000 591.398760
73.000000 536.776074
74.000000 529.045429
75.000000 553.589516
76.000000 525.229400
77.000000 440.056827
78.000000 502.364412
79.000000 616.783972
80.000000 650.774139
81.000000 572.824956
82.000000 539.831943
83.000000 595.060767
84.000000 581.822143
85.000000 569.653476
86.000000 581.700963
87.000000 616.059327
88.000000 716.452880
89.000000 715.191787
90.000000 630.295628
91.000000 546.014681
92.000000 462.162675
93.000000 380.171147
94.000000 304.483454
95.000000 240.356849
96.000000 197.507330
97.000000 235.759575
98.000000 298.415981
99.000000 373.137709
100.000000 454.460830
101.000000 538.418888
102.000000 621.793198
103.000000 707.488323
104.000000 695.422581
105.000000 597.674910
106.000000 896.246170
107.000000 866.855370
108.000000 909.107536
109.000000 872.825404
110.000000 857.477924
111.000000 952.034682
112.000000 943.864008
113.000000 835.538634
114.000000 789.613741
115.000000 886.424688
116.000000 1013.079325
117.000000 1110.426606
118.000000 1034.771339
119.000000 914.775718
120.000000 795.156338
121.000000 708.076643
122.000000 736.040823
123.000000 840.422986
124.000000 963.759003
125.000000 1076.301143
126.000000 1155.194646
127.000000 1166.379490
128.000000 1162.731459
129.000000 1157.465123
130.000000 1163.469355
131.000000 1166.338086
132.000000 1136.290701
133.000000 1054.083021
134.000000 944.121641
135.000000 827.928340
136.000000 814.627589
137.000000 715.624711
138.000000 656.879402
139.000000 705.254781
140.000000 800.564278
141.000000 916.989064
142.000000 1037.414944
143.000000 1149.396606
144.000000 1237.882033
145.000000 1273.546925
146.000000 1273.291942
147.000000 1266.219121
148.000000 1274.231067
149.000000 1276.221754
150.000000 1276.221754
151.000000 1276.221754
152.000000 1276.221754
153.000000 1276.221754
154.000000 1276.221754
155.000000 1276.221754
156.000000 1276.221754
157.000000 1276.221754
158.000000 1276.221754
159.000000 1276.221754
160.000000 1276.221754
161.000000 1276.221754
162.000000 1276.221754
163.000000 1276.221754
164.000000 1276.221754
165.000000 1276.221754
166.000000 1381.737619
167.000000 1370.906361
168.000000 1366.305071
169.000000 1373.222478
170.000000 1381.200574
171.000000 1376.306607
172.000000 1345.208062
173.000000 1277.975587
174.000000 1173.921203
175.000000 1061.242121
176.000000 945.184532
177.000000 831.257672
178.000000 729.522639
179.000000 649.706886
180.000000 606.330158
181.000000 649.706886
182.000000 729.522639
183.000000 831.257672
184.000000 945.184532
185.000000 1061.242121
186.000000 1173.921203
187.000000 1277.975587
188.000000 1345.208062
189.000000 1376.306607
190.000000 1381.200574
191.000000 1373.222478
192.000000 1366.305071
193.000000 1370.906361
194.000000 1381.737619
195.000000 1381.737619
196.000000 1475.262466
197.000000 1475.262466
198.000000 1475.262466
199.000000 1475.262466
200.000000 1475.262466
201.000000 1475.262466
202.000000 1475.262466
203.000000 1475.262466
204.000000 1475.262466
205.000000 1475.262466
206.000000 1475.262466
207.000000 1475.262466
208.000000 1475.262466
209.000000 1475.262466
210.000000 1475.262466
211.000000 1475.262466
212.000000 1475.262466
213.000000 1475.262466
214.000000 1475.262466
215.000000 1475.262466
216.000000 1475.262466
217.000000 1475.262466
218.000000 1465.530968
219.000000 1468.287514
220.000000 1475.175718
221.000000 1464.277166
222.000000 1415.200790
223.000000 1320.144617
224.000000 1210.661569
225.000000 1090.491648
226.000000 841.505897
227.000000 745.364297
228.000000 690.278216
229.000000 741.519787
230.000000 836.277422
231.000000 951.858242
232.000000 1072.832544
233.000000 1185.596888
234.000000 1287.031861
235.000000 1341.564262
236.000000 1354.749850
237.000000 1347.736343
238.000000 1344.133625
239.000000 1354.654430
240.000000 1354.772233
241.000000 1354.772233
242.000000 1354.772233
243.000000 1354.772233
244.000000 1354.772233
245.000000 1354.772233
246.000000 1354.772233
247.000000 1354.772233
248.000000 1354.772233
249.000000 1354.772233
250.000000 1354.772233
251.000000 1354.772233
252.000000 1354.772233
253.000000 1354.772233
254.000000 1354.772233
255.000000 1354.772233
256.000000 1264.275718
257.000000 1264.275718
258.000000 1264.275718
259.000000 1264.275718
260.000000 1264.275718
261.000000 1264.275718
262.000000 1264.275718
263.000000 1253.407052
264.000000 1248.183812
265.000000 1255.114101
266.000000 1263.583662
267.000000 1259.134085
268.000000 1227.932158
269.000000 1160.086374
270.000000 1055.702645
271.000000 943.695412
272.000000 830.926530
273.000000 722.455498
274.000000 627.616973
275.000000 554.548109
276.000000 514.213945
277.000000 550.376109
278.000000 621.581830
279.000000 715.123081
280.000000 822.916080
281.000000 935.706014
282.000000 1047.316927
283.000000 1153.733808
284.000000 1224.377312
285.000000 1257.940218
286.000000 1525.039469
287.000000 1517.916166
288.000000 1511.423872
289.000000 1515.293116
290.000000 1525.435747
291.000000 1525.435747
292.000000 1525.435747
293.000000 1525.435747
294.000000 1525.435747
295.000000 1525.435747
296.000000 1525.435747
297.000000 1525.435747
298.000000 1525.435747
299.000000 1525.435747
300.000000 1525.435747
301.000000 1525.435747
302.000000 1525.435747
303.000000 1525.435747
304.000000 1525.435747
305.000000 1525.435747
306.000000 1525.435747
307.000000 1525.435747
308.000000 1524.018420
309.000000 1516.669115
310.000000 1522.663474
311.000000 1523.414393
312.000000 1493.256285
313.000000 1414.983915
314.000000 1310.601318
315.000000 1193.134076
316.000000 1286.915947
317.000000 1187.773569
318.000000 1131.335256
319.000000 1193.544658
320.000000 1294.135537
321.000000 1404.989582
322.000000 1509.099433
323.000000 1598.708700
324.000000 1661.906630
325.000000 1684.649653
326.000000 1683.088502
327.000000 1678.556235
328.000000 1682.220264
329.000000 1685.035573
330.000000 1676.404952
331.000000 1617.632077
332.000000 1528.312093
333.000000 1420.574056
334.000000 1319.903425
335.000000 1291.965929
336.000000 1379.347089
337.000000 1488.125130
338.000000 1586.694391
339.000000 1643.147102
340.000000 1568.523683
341.000000 1462.686377
342.000000 1374.156699
343.000000 1418.108834
344.000000 1512.997547
345.000000 1520.009188
346.000000 775.455804
347.000000 789.886153
348.000000 825.748280
349.000000 784.026442
350.000000 812.056539
351.000000 799.545302
352.000000 791.408751
353.000000 803.132912
354.000000 834.555149
355.000000 748.286040
356.000000 629.179299
357.000000 506.028190
358.000000 387.360654
359.000000 285.977838
