0.000000 -52361.603410
1.000000 -59386.014620
2.000000 -70383.661889
3.000000 -81500.830718
4.000000 -91915.131526
5.000000 -101506.218457
6.000000 -109785.282610
7.000000 -116241.813868
8.000000 -119243.167220
9.000000 -119811.746125
10.000000 -118644.117578
11.000000 -116959.595794
12.000000 -115992.112704
13.000000 -115766.648295
14.000000 -112193.512491
15.000000 -113591.189764
16.000000 -92430.800841
17.000000 -91288.962088
18.000000 -86298.846785
19.000000 -82238.790513
20.000000 -86493.431665
21.000000 -91217.975848
22.000000 -93019.273430
23.000000 -93751.595444
24.000000 -92516.385099
25.000000 -89079.819489
26.000000 -82766.783737
27.000000 -75946.691437
28.000000 -73720.549635
29.000000 -79571.039195
30.000000 -86518.699124
31.000000 -91453.504551
32.000000 -94150.063966
33.000000 -93976.322955
34.000000 -91936.273854
35.000000 -87855.738802
36.000000 -87726.069678
37.000000 -91873.337503
38.000000 -93418.243712
39.000000 -92913.294460
40.000000 -94900.120317
41.000000 -95575.297348
42.000000 -95022.515405
43.000000 -91128.613959
44.000000 -85712.419413
45.000000 -78838.229350
46.000000 -67063.248736
47.000000 -59940.109696
48.000000 -55136.783911
49.000000 -59110.837969
50.000000 -66112.297854
51.000000 -73392.588704
52.000000 -80116.094990
53.000000 -85476.538651
54.000000 -89544.084890
55.000000 -90629.149797
56.000000 -90175.541925
57.000000 -88425.573904
58.000000 -88667.793031
59.000000 -87607.843339
60.000000 -83934.008907
61.000000 -83254.166501
62.000000 -87004.791807
63.000000 -89386.521968
64.000000 -89841.797652
65.000000 -87554.707755
66.000000 -82940.209753
67.000000 -76660.448919
68.000000 -71349.912982
69.000000 -72272.441402
70.000000 -78039.250428
71.000000 -84221.620240
72.000000 -88275.273071
73.000000 -89813.220513
74.000000 -89258.125914
75.000000 -87832.109094
76.000000 -89536.098628
77.000000 -85435.957554
78.000000 -88298.108318
79.000000 -93286.785645
80.000000 -95283.062866
81.000000 -93366.689910
82.000000 -92032.615364
83.000000 -94392.696405
84.000000 -94904.440326
85.000000 -95594.450676
86.000000 -97263.650041
87.000000 -98426.049515
88.000000 -98301.235409
89.000000 -95715.617338
90.000000 -89391.558001
91.000000 -82360.957087
92.000000 -74958.372247
93.000000 -66954.581783
94.000000 -58516.855401
95.000000 -50409.854564
96.000000 -45129.571542
97.000000 -49539.844224
98.000000 -57483.770114
99.000000 -65949.026139
100.000000 -74010.346883
101.000000 -81509.009257
102.000000 -88484.597221
103.000000 -94949.837082
104.000000 -97720.760733
105.000000 -97908.972184
106.000000 -135578.103341
107.000000 -129775.944377
108.000000 -129111.904130
109.000000 -126773.225712
110.000000 -131443.611446
111.000000 -132669.619644
112.000000 -131108.552238
113.000000 -127523.529644
114.000000 -125886.137478
115.000000 -126895.434248
116.000000 -132558.539579
117.000000 -132568.257206
118.000000 -130512.752278
119.000000 -125457.230421
120.000000 -119115.620947
121.000000 -114087.681730
122.000000 -115558.313334
123.000000 -121351.344773
124.000000 -127446.592875
125.000000 -131365.614443
126.000000 -131323.742942
127.000000 -128001.436490
128.000000 -123735.955152
129.000000 -127316.850510
130.000000 -129717.056530
131.000000 -130461.588081
132.000000 -130967.846289
133.000000 -128045.459661
134.000000 -122190.032503
135.000000 -114491.487596
136.000000 -114625.228725
137.000000 -105353.152249
138.000000 -99457.824231
139.000000 -105219.933289
140.000000 -114469.412310
141.000000 -123926.874264
142.000000 -142468.089327
143.000000 -145128.600612
144.000000 -146178.388861
145.000000 -145928.194022
146.000000 -145534.557410
147.000000 -144628.701662
148.000000 -137936.661337
149.000000 -143480.575257
150.000000 -145429.665065
151.000000 -145360.065119
152.000000 -143940.603877
153.000000 -129937.053063
154.000000 -122663.351437
155.000000 -120527.682484
156.000000 -126838.402881
157.000000 -143019.268826
158.000000 -144861.889724
159.000000 -145421.885148
160.000000 -144985.976421
161.000000 -143245.797519
162.000000 -132584.474767
163.000000 -134714.679650
164.000000 -144442.619767
165.000000 -144930.072490
166.000000 -155462.753040
167.000000 -155732.866887
168.000000 -156780.864720
169.000000 -156745.416728
170.000000 -157787.710854
171.000000 -158063.991775
172.000000 -157996.185613
173.000000 -156877.268844
174.000000 -154222.936694
175.000000 -150618.777764
176.000000 -146235.242254
177.000000 -141236.512986
178.000000 -93978.004297
179.000000 -81639.171130
180.000000 -73900.917902
181.000000 -81602.369939
182.000000 -93936.795579
183.000000 -138002.151878
184.000000 -146221.632192
185.000000 -150615.695469
186.000000 -154295.760890
187.000000 -157022.425792
188.000000 -158206.936466
189.000000 -158384.840766
190.000000 -157889.280871
191.000000 -157193.417575
192.000000 -156805.765962
193.000000 -156712.325364
194.000000 -155220.098391
195.000000 -155803.904737
196.000000 -168511.341382
197.000000 -167867.852874
198.000000 -165020.457689
199.000000 -162617.111909
200.000000 -165132.676138
201.000000 -167831.413146
202.000000 -168851.621389
203.000000 -169249.609802
204.000000 -168558.836589
205.000000 -166602.071660
206.000000 -162913.981331
207.000000 -158749.104990
208.000000 -157338.772665
209.000000 -160991.256318
210.000000 -165125.099337
211.000000 -167960.616953
212.000000 -169460.295483
213.000000 -169376.688371
214.000000 -168230.533543
215.000000 -165896.473984
216.000000 -165821.518202
217.000000 -168191.185072
218.000000 -169063.285948
219.000000 -168777.882533
220.000000 -169897.561995
221.000000 -170275.301000
222.000000 -169976.603980
223.000000 -167790.900696
224.000000 -164649.230401
225.000000 -160506.478407
226.000000 -125002.480326
227.000000 -108881.561611
228.000000 -102645.197866
229.000000 -107789.944854
230.000000 -123916.042547
231.000000 -146124.611905
232.000000 -150066.159443
233.000000 -153098.151143
234.000000 -155328.024703
235.000000 -155878.742490
236.000000 -155629.236716
237.000000 -154674.690548
238.000000 -154809.604124
239.000000 -154229.691376
240.000000 -152209.805967
241.000000 -151828.076763
242.000000 -153915.584057
243.000000 -155209.399650
244.000000 -155415.032839
245.000000 -154196.311487
246.000000 -151654.884845
247.000000 -148061.643255
248.000000 -139015.038060
249.000000 -139696.273502
250.000000 -148869.702771
251.000000 -152372.007744
252.000000 -154602.659559
253.000000 -155437.145033
254.000000 -155120.703351
255.000000 -154354.454153
256.000000 -137674.383264
257.000000 -134620.752069
258.000000 -136730.493588
259.000000 -143930.494227
260.000000 -144868.413642
261.000000 -143978.852406
262.000000 -143342.845572
263.000000 -144471.373401
264.000000 -144704.178096
265.000000 -145013.164007
266.000000 -145802.586459
267.000000 -146360.285045
268.000000 -146358.166042
269.000000 -145193.547445
270.000000 -142164.319761
271.000000 -121203.028384
272.000000 -111567.864978
273.000000 -101224.956354
274.000000 -90476.151464
275.000000 -80429.478841
276.000000 -74035.794267
277.000000 -79371.193249
278.000000 -89179.376143
279.000000 -99936.571879
280.000000 -110345.327008
281.000000 -120100.735755
282.000000 -141716.400204
283.000000 -144829.333948
284.000000 -146097.902652
285.000000 -146126.651905
286.000000 -177208.944694
287.000000 -176052.320278
288.000000 -175905.093427
289.000000 -174906.953821
290.000000 -174620.498013
291.000000 -175741.668889
292.000000 -175054.592000
293.000000 -172330.527524
294.000000 -170908.482572
295.000000 -173479.211652
296.000000 -175727.422544
297.000000 -176194.960300
298.000000 -175463.675332
299.000000 -173045.521202
300.000000 -169060.939914
301.000000 -165455.697836
302.000000 -166543.451279
303.000000 -170549.900638
304.000000 -174045.468076
305.000000 -175790.721343
306.000000 -175893.657761
307.000000 -174106.856923
308.000000 -172817.833791
309.000000 -174735.910355
310.000000 -175855.845108
311.000000 -176315.083250
312.000000 -176527.081016
313.000000 -175173.086336
314.000000 -172346.256502
315.000000 -168381.519077
316.000000 -186059.323432
317.000000 -180000.664934
318.000000 -175820.416339
319.000000 -179939.265187
320.000000 -185999.676885
321.000000 -191663.473086
322.000000 -196086.871272
323.000000 -199243.831469
324.000000 -200703.221514
325.000000 -200364.519010
326.000000 -199826.503292
327.000000 -198575.340644
328.000000 -196226.441227
329.000000 -197687.311407
330.000000 -199679.110867
331.000000 -199584.019849
332.000000 -197624.044763
333.000000 -193767.499879
334.000000 -188853.996837
335.000000 -187310.028375
336.000000 -191786.957231
337.000000 -196345.003502
338.000000 -198886.321877
339.000000 -199663.121693
340.000000 -199064.973395
341.000000 -196661.609499
342.000000 -193328.375811
343.000000 -195038.594877
344.000000 -198312.224898
345.000000 -198985.315128
346.000000 -112761.163354
347.000000 -113371.184229
348.000000 -115950.280682
349.000000 -115867.727008
350.000000 -118394.516913
351.000000 -119014.477446
352.000000 -118715.223701
353.000000 -115886.274476
354.000000 -109610.965138
355.000000 -101512.771429
356.000000 -91944.390590
357.000000 -81532.794553
358.000000 -70417.806108
359.000000 -59415.859487
