0.000000 -464.312435
1.000000 -594.072932
2.000000 -779.317161
3.000000 -946.454777
4.000000 -1095.518183
5.000000 -1230.484394
6.000000 -1334.685157
7.000000 -1300.165046
8.000000 -1272.357410
9.000000 -1282.293259
10.000000 -1280.950099
11.000000 -1271.690003
12.000000 -1282.017715
13.000000 -1300.186919
14.000000 -1169.118733
15.000000 -1206.071447
16.000000 -1005.029018
17.000000 -1014.159336
18.000000 -933.769524
19.000000 -840.606013
20.000000 -935.409215
21.000000 -986.507009
22.000000 -998.134999
23.000000 -1004.282851
24.000000 -1001.694406
25.000000 -1019.293115
26.000000 -917.194368
27.000000 -759.604219
28.000000 -704.071468
29.000000 -849.313829
30.000000 -985.894648
31.000000 -1001.535330
32.000000 -1006.136102
33.000000 -993.325290
34.000000 -973.810279
35.000000 -904.414728
36.000000 -903.130157
37.000000 -987.372426
38.000000 -985.868510
39.000000 -932.933886
40.000000 -1006.809111
41.000000 -1001.905589
42.000000 -1005.573046
43.000000 -986.582523
44.000000 -989.736896
45.000000 -898.944764
46.000000 -721.551230
47.000000 -577.909194
48.000000 -468.053396
49.000000 -563.826824
50.000000 -710.022167
51.000000 -838.872561
52.000000 -949.180012
53.000000 -996.666763
54.000000 -955.902894
55.000000 -945.286110
56.000000 -963.318764
57.000000 -928.955499
58.000000 -983.153889
59.000000 -980.319684
60.000000 -864.258917
61.000000 -844.573031
62.000000 -955.030181
63.000000 -970.804112
64.000000 -974.586359
65.000000 -1024.947464
66.000000 -952.784606
67.000000 -817.590648
68.000000 -691.490693
69.000000 -716.523405
70.000000 -851.946637
71.000000 -982.247967
72.000000 -1041.466353
73.000000 -975.109996
74.000000 -965.537787
75.000000 -996.441347
76.000000 -964.010831
77.000000 -852.762210
78.000000 -935.219318
79.000000 -1074.055023
80.000000 -1111.750537
81.000000 -1018.688452
82.000000 -978.191493
83.000000 -1045.717493
84.000000 -1030.013177
85.000000 -1015.075519
86.000000 -1029.463275
87.000000 -1070.678907
88.000000 -1187.982439
89.000000 -1187.608524
90.000000 -1090.213158
91.000000 -989.776504
92.000000 -882.390524
93.000000 -763.463807
94.000000 -630.322708
95.000000 -490.004574
96.000000 -395.067196
97.000000 -479.291759
98.000000 -618.288011
99.000000 -752.342007
100.000000 -871.984387
101.000000 -980.436873
102.000000 -1080.287206
103.000000 -1178.788385
104.000000 -1163.685213
105.000000 -1048.762799
106.000000 -1616.455623
107.000000 -1351.130050
108.000000 -1396.153116
109.000000 -1350.940706
110.000000 -1600.650211
111.000000 -1638.732452
112.000000 -1635.178999
113.000000 -1590.922798
114.000000 -1571.714433
115.000000 -1611.949829
116.000000 -1663.781578
117.000000 -1703.507558
118.000000 -1672.495419
119.000000 -1622.975701
120.000000 -1572.972096
121.000000 -1535.316078
122.000000 -1547.575380
123.000000 -1592.058077
124.000000 -1643.192060
125.000000 -1689.619101
126.000000 -1723.145313
127.000000 -1728.484890
128.000000 -1726.762969
129.000000 -1724.579154
130.000000 -1727.171398
131.000000 -1728.326854
132.000000 -1715.401297
133.000000 -1680.664858
134.000000 -1634.754570
135.000000 -1585.746203
136.000000 -1666.137903
137.000000 -1620.148868
138.000000 -1591.719820
139.000000 -1615.205334
140.000000 -1659.715093
141.000000 -1712.198070
142.000000 -1765.705384
143.000000 -1815.787540
144.000000 -1856.387240
145.000000 -1873.192808
146.000000 -1873.151587
147.000000 -1869.808767
148.000000 -1873.518298
149.000000 -1874.497859
150.000000 -1874.497859
151.000000 -1874.497859
152.000000 -1874.497859
153.000000 -1874.497859
154.000000 -1874.497859
155.000000 -1874.497859
156.000000 -1874.497859
157.000000 -1874.497859
158.000000 -1874.497859
159.000000 -1874.497859
160.000000 -1874.497859
161.000000 -1874.497859
162.000000 -1874.497859
163.000000 -1874.497859
164.000000 -1874.497859
165.000000 -1874.497859
166.000000 -2027.058987
167.000000 -2021.485799
168.000000 -2018.717510
169.000000 -2022.264844
170.000000 -2026.679950
171.000000 -2024.459394
172.000000 -2008.530911
173.000000 -1974.335442
174.000000 -1922.661687
175.000000 -1867.684682
176.000000 -1811.943751
177.000000 -1756.700627
178.000000 -1705.858390
179.000000 -1664.111916
180.000000 -1640.396170
181.000000 -1664.111916
182.000000 -1705.858390
183.000000 -1756.700627
184.000000 -1811.943751
185.000000 -1867.684682
186.000000 -1922.661687
187.000000 -1974.335442
188.000000 -2008.530911
189.000000 -2024.459394
190.000000 -2026.679950
191.000000 -2022.264844
192.000000 -2018.717510
193.000000 -2021.485799
194.000000 -2027.058987
195.000000 -2027.058987
196.000000 -2174.637718
197.000000 -2174.637718
198.000000 -2174.637718
199.000000 -2174.637718
200.000000 -2174.637718
201.000000 -2174.637718
202.000000 -2174.637718
203.000000 -2174.637718
204.000000 -2174.637718
205.000000 -2174.637718
206.000000 -2174.637718
207.000000 -2174.637718
208.000000 -2174.637718
209.000000 -2174.637718
210.000000 -2174.637718
211.000000 -2174.637718
212.000000 -2174.637718
213.000000 -2174.637718
214.000000 -2174.637718
215.000000 -2174.637718
216.000000 -2174.637718
217.000000 -2174.637718
218.000000 -2168.784134
219.000000 -2170.423983
220.000000 -2174.583355
221.000000 -2168.053833
222.000000 -2139.210263
223.000000 -2085.803761
224.000000 -2027.265920
225.000000 -1965.332523
226.000000 -1741.187724
227.000000 -1694.718471
228.000000 -1667.189266
229.000000 -1692.822870
230.000000 -1738.698264
231.000000 -1793.143942
232.000000 -1849.697962
233.000000 -1903.130856
234.000000 -1952.630047
235.000000 -1980.085686
236.000000 -1986.817609
237.000000 -1983.204450
238.000000 -1981.373946
239.000000 -1986.778390
240.000000 -1986.830176
241.000000 -1986.830176
242.000000 -1986.830176
243.000000 -1986.830176
244.000000 -1986.830176
245.000000 -1986.830176
246.000000 -1986.830176
247.000000 -1986.830176
248.000000 -1986.830176
249.000000 -1986.830176
250.000000 -1986.830176
251.000000 -1986.830176
252.000000 -1986.830176
253.000000 -1986.830176
254.000000 -1986.830176
255.000000 -1986.830176
256.000000 -1857.979058
257.000000 -1857.979058
258.000000 -1857.979058
259.000000 -1857.979058
260.000000 -1857.979058
261.000000 -1857.979058
262.000000 -1857.979058
263.000000 -1853.103806
264.000000 -1850.317641
265.000000 -1853.416500
266.000000 -1857.547181
267.000000 -1855.863068
268.000000 -1841.840323
269.000000 -1811.181796
270.000000 -1764.349636
271.000000 -1713.929308
272.000000 -1662.942828
273.000000 -1612.283467
274.000000 -1565.513733
275.000000 -1526.889367
276.000000 -1504.158765
277.000000 -1524.591813
278.000000 -1562.424811
279.000000 -1608.767762
280.000000 -1659.271353
281.000000 -1710.347280
282.000000 -1760.586141
283.000000 -1808.322098
284.000000 -1840.230956
285.000000 -1855.338627
286.000000 -2259.635470
287.000000 -2254.815324
288.000000 -2250.696917
289.000000 -2253.510748
290.000000 -2259.971903
291.000000 -2259.971903
292.000000 -2259.971903
293.000000 -2259.971903
294.000000 -2259.971903
295.000000 -2259.971903
296.000000 -2259.971903
297.000000 -2259.971903
298.000000 -2259.971903
299.000000 -2259.971903
300.000000 -2259.971903
301.000000 -2259.971903
302.000000 -2259.971903
303.000000 -2259.971903
304.000000 -2259.971903
305.000000 -2259.971903
306.000000 -2259.971903
307.000000 -2259.971903
308.000000 -2259.011260
309.000000 -2254.281323
310.000000 -2258.193980
311.000000 -2258.616555
312.000000 -2239.101637
313.000000 -2190.812370
314.000000 -2130.311199
315.000000 -2065.703298
316.000000 -2279.750338
317.000000 -2217.853827
318.000000 -2183.493963
319.000000 -2221.397635
320.000000 -2284.355459
321.000000 -2357.289104
322.000000 -2430.815401
323.000000 -2499.711666
324.000000 -2552.770744
325.000000 -2573.062241
326.000000 -2571.708282
327.000000 -2567.619908
328.000000 -2570.861367
329.000000 -2573.513604
330.000000 -2565.348575
331.000000 -2514.892344
332.000000 -2445.258262
333.000000 -2368.664932
334.000000 -2302.173416
335.000000 -2284.366888
336.000000 -2340.945380
337.000000 -2415.887142
338.000000 -2490.028539
339.000000 -2535.905066
340.000000 -2475.985506
341.000000 -2398.340957
342.000000 -2338.310790
343.000000 -2367.651933
344.000000 -2434.079103
345.000000 -2439.374958
346.000000 -1243.843949
347.000000 -1262.200277
348.000000 -1305.571755
349.000000 -1254.793784
350.000000 -1287.921119
351.000000 -1273.217571
352.000000 -1265.658812
353.000000 -1280.274373
354.000000 -1323.886984
355.000000 -1230.420693
356.000000 -1095.518183
357.000000 -946.454777
358.000000 -779.317161
359.000000 -594.072932
