0.000000 227.901457
1.000000 287.881324
2.000000 396.269903
3.000000 518.139928
4.000000 639.340758
5.000000 754.079712
6.000000 843.521295
7.000000 813.911075
8.000000 790.030032
9.000000 798.564082
10.000000 797.410457
11.000000 789.456777
12.000000 798.327422
13.000000 813.929854
14.000000 701.588397
15.000000 733.156480
16.000000 564.737098
17.000000 572.135684
18.000000 508.269188
19.000000 438.708294
20.000000 509.540250
21.000000 549.833742
22.000000 559.173040
23.000000 564.133935
24.000000 562.043333
25.000000 576.310111
26.000000 495.503709
27.000000 383.264991
28.000000 348.460153
29.000000 444.968104
30.000000 549.343537
31.000000 561.914942
32.000000 565.632425
33.000000 555.302964
34.000000 539.704279
35.000000 485.768691
36.000000 484.795505
37.000000 550.526804
38.000000 549.322617
39.000000 507.621975
40.000000 566.176948
41.000000 562.213795
42.000000 565.177005
43.000000 549.894204
44.000000 552.422046
45.000000 481.631583
46.000000 359.116201
47.000000 279.884703
48.000000 229.571639
49.000000 273.083963
50.000000 352.056391
51.000000 437.468670
52.000000 520.271510
53.000000 557.990603
54.000000 525.546099
55.000000 517.227013
56.000000 531.390541
57.000000 504.545888
58.000000 547.151552
59.000000 544.888367
60.000000 455.835940
61.000000 441.553348
62.000000 524.860105
63.000000 537.316788
64.000000 540.321324
65.000000 580.919426
66.000000 523.096733
67.000000 422.430493
68.000000 340.964811
69.000000 356.022496
70.000000 446.871367
71.000000 546.427758
72.000000 594.451929
73.000000 540.737815
74.000000 533.144572
75.000000 557.809146
76.000000 531.937331
77.000000 447.461935
78.000000 509.392971
79.000000 621.414310
80.000000 652.975404
81.000000 575.817916
82.000000 543.191340
83.000000 597.949890
84.000000 585.058960
85.000000 572.879913
86.000000 584.609146
87.000000 618.606023
88.000000 717.684639
89.000000 717.365172
90.000000 634.898598
91.000000 552.453815
92.000000 469.223677
93.000000 385.785220
94.000000 306.622617
95.000000 239.330465
96.000000 194.983414
97.000000 234.572003
98.000000 300.272023
99.000000 378.557771
100.000000 461.513570
101.000000 544.981874
102.000000 626.606776
103.000000 709.833992
104.000000 696.960571
105.000000 600.459367
106.000000 1078.990855
107.000000 857.601553
108.000000 896.021648
109.000000 857.439556
110.000000 1066.237218
111.000000 1096.848279
112.000000 1094.009232
113.000000 1058.354447
114.000000 1042.715721
115.000000 1075.362032
116.000000 1116.756964
117.000000 1147.942609
118.000000 1123.638891
119.000000 1084.231934
120.000000 1043.742567
121.000000 1012.828519
122.000000 1022.930547
123.000000 1059.275737
124.000000 1100.406152
125.000000 1137.095300
126.000000 1163.176089
127.000000 1167.296694
128.000000 1165.968880
129.000000 1164.283506
130.000000 1166.283916
131.000000 1167.174869
132.000000 1157.183597
133.000000 1130.069954
134.000000 1093.669889
135.000000 1054.149288
136.000000 1118.620174
137.000000 1081.961078
138.000000 1059.001274
139.000000 1077.984474
140.000000 1113.537576
141.000000 1154.699243
142.000000 1195.759749
143.000000 1233.317999
144.000000 1263.119319
145.000000 1275.281585
146.000000 1275.251879
147.000000 1272.840798
148.000000 1275.516129
149.000000 1276.221754
150.000000 1276.221754
151.000000 1276.221754
152.000000 1276.221754
153.000000 1276.221754
154.000000 1276.221754
155.000000 1276.221754
156.000000 1276.221754
157.000000 1276.221754
158.000000 1276.221754
159.000000 1276.221754
160.000000 1276.221754
161.000000 1276.221754
162.000000 1276.221754
163.000000 1276.221754
164.000000 1276.221754
165.000000 1276.221754
166.000000 1381.737619
167.000000 1378.039163
168.000000 1376.197616
169.000000 1378.556872
170.000000 1381.486465
171.000000 1380.013983
172.000000 1369.395710
173.000000 1346.270487
174.000000 1310.480497
175.000000 1271.306640
176.000000 1230.466241
177.000000 1188.915920
178.000000 1149.772681
179.000000 1117.018271
180.000000 1098.176265
181.000000 1117.018271
182.000000 1149.772681
183.000000 1188.915920
184.000000 1230.466241
185.000000 1271.306640
186.000000 1310.480497
187.000000 1346.270487
188.000000 1369.395710
189.000000 1380.013983
190.000000 1381.486465
191.000000 1378.556872
192.000000 1376.197616
193.000000 1378.039163
194.000000 1381.737619
195.000000 1381.737619
196.000000 1475.262466
197.000000 1475.262466
198.000000 1475.262466
199.000000 1475.262466
200.000000 1475.262466
201.000000 1475.262466
202.000000 1475.262466
203.000000 1475.262466
204.000000 1475.262466
205.000000 1475.262466
206.000000 1475.262466
207.000000 1475.262466
208.000000 1475.262466
209.000000 1475.262466
210.000000 1475.262466
211.000000 1475.262466
212.000000 1475.262466
213.000000 1475.262466
214.000000 1475.262466
215.000000 1475.262466
216.000000 1475.262466
217.000000 1475.262466
218.000000 1471.715711
219.000000 1472.710675
220.000000 1475.229589
221.000000 1471.272267
222.000000 1453.590337
223.000000 1419.987461
224.000000 1381.874712
225.000000 1340.107719
226.000000 1177.062247
227.000000 1141.085076
228.000000 1119.450977
229.000000 1139.602893
230.000000 1175.152592
231.000000 1216.444039
232.000000 1258.249792
233.000000 1296.691826
234.000000 1331.360065
235.000000 1350.190520
236.000000 1354.763713
237.000000 1352.311344
238.000000 1351.067014
239.000000 1354.737120
240.000000 1354.772233
241.000000 1354.772233
242.000000 1354.772233
243.000000 1354.772233
244.000000 1354.772233
245.000000 1354.772233
246.000000 1354.772233
247.000000 1354.772233
248.000000 1354.772233
249.000000 1354.772233
250.000000 1354.772233
251.000000 1354.772233
252.000000 1354.772233
253.000000 1354.772233
254.000000 1354.772233
255.000000 1354.772233
256.000000 1264.275718
257.000000 1264.275718
258.000000 1264.275718
259.000000 1264.275718
260.000000 1264.275718
261.000000 1264.275718
262.000000 1264.275718
263.000000 1260.731127
264.000000 1258.701572
265.000000 1260.958732
266.000000 1263.962066
267.000000 1262.738326
268.000000 1252.509174
269.000000 1229.900321
270.000000 1194.731092
271.000000 1156.042362
272.000000 1116.093340
273.000000 1075.630926
274.000000 1037.647188
275.000000 1005.864404
276.000000 987.000058
277.000000 1003.962825
278.000000 1035.118671
279.000000 1072.795929
280.000000 1113.185974
281.000000 1153.262317
282.000000 1191.872344
283.000000 1227.774547
284.000000 1251.330673
285.000000 1262.357038
286.000000 1525.243560
287.000000 1522.485183
288.000000 1520.121152
289.000000 1521.737056
290.000000 1525.435747
291.000000 1525.435747
292.000000 1525.435747
293.000000 1525.435747
294.000000 1525.435747
295.000000 1525.435747
296.000000 1525.435747
297.000000 1525.435747
298.000000 1525.435747
299.000000 1525.435747
300.000000 1525.435747
301.000000 1525.435747
302.000000 1525.435747
303.000000 1525.435747
304.000000 1525.435747
305.000000 1525.435747
306.000000 1525.435747
307.000000 1525.435747
308.000000 1524.886864
309.000000 1522.179034
310.000000 1524.419609
311.000000 1524.661236
312.000000 1513.429476
313.000000 1484.992721
314.000000 1448.068889
315.000000 1407.051012
316.000000 1536.656069
317.000000 1501.030069
318.000000 1480.602918
319.000000 1503.110443
320.000000 1539.246541
321.000000 1579.168396
322.000000 1617.326880
323.000000 1651.206675
324.000000 1676.081162
325.000000 1685.317681
326.000000 1684.706095
327.000000 1682.855275
328.000000 1684.323199
329.000000 1685.521413
330.000000 1681.824375
331.000000 1658.430841
332.000000 1624.578516
333.000000 1585.208610
334.000000 1549.191268
335.000000 1539.252960
336.000000 1570.402491
337.000000 1609.747714
338.000000 1646.553464
339.000000 1668.288139
340.000000 1639.742314
341.000000 1600.730113
342.000000 1568.979720
343.000000 1584.672773
344.000000 1618.972522
345.000000 1621.634169
346.000000 765.544033
347.000000 781.306037
348.000000 818.552327
349.000000 774.945359
350.000000 803.397549
351.000000 790.768849
352.000000 784.276494
353.000000 796.830077
354.000000 834.265596
355.000000 754.025068
356.000000 639.340758
357.000000 518.139928
358.000000 396.269903
359.000000 287.881324
