0.000000 22875.925965
1.000000 28601.339770
2.000000 38818.357359
3.000000 49398.366873
4.000000 59006.159135
5.000000 67413.849651
6.000000 74265.178288
7.000000 79265.020777
8.000000 81408.760069
9.000000 81735.810365
10.000000 80826.589921
11.000000 79512.347066
12.000000 78820.263759
13.000000 78669.221476
14.000000 75609.871462
15.000000 76808.574846
16.000000 59664.327665
17.000000 58649.317512
18.000000 54019.650766
19.000000 50167.095396
20.000000 54202.825062
21.000000 58585.381725
22.000000 60165.628628
23.000000 60783.608506
24.000000 59773.834890
25.000000 56691.919007
26.000000 50806.163720
27.000000 44308.217512
28.000000 42192.489524
29.000000 47768.687939
30.000000 54328.376193
31.000000 58839.060222
32.000000 61185.001505
33.000000 61008.627217
34.000000 59182.460711
35.000000 55376.423678
36.000000 55247.276844
37.000000 59121.540153
38.000000 60527.059673
39.000000 59978.323450
40.000000 61787.011459
41.000000 62400.434198
42.000000 61994.106816
43.000000 58592.112008
44.000000 53665.517364
45.000000 47212.157685
46.000000 36122.542526
47.000000 29594.667422
48.000000 25657.113652
49.000000 28874.116428
50.000000 35226.263740
51.000000 42153.369265
52.000000 48546.617598
53.000000 53537.919401
54.000000 57205.293232
55.000000 58115.933608
56.000000 57689.862293
57.000000 56066.490621
58.000000 56358.425667
59.000000 55380.518572
60.000000 51914.177832
61.000000 51269.780365
62.000000 54821.523907
63.000000 57012.332799
64.000000 57424.711184
65.000000 55401.820859
66.000000 51121.863278
67.000000 45155.018710
68.000000 40102.659155
69.000000 40973.101629
70.000000 46472.239686
71.000000 52323.766040
72.000000 56057.316791
73.000000 57382.687177
74.000000 56885.840621
75.000000 55624.542515
76.000000 56945.925484
77.000000 53075.258806
78.000000 55785.136815
79.000000 60403.910888
80.000000 62185.439945
81.000000 60392.449013
82.000000 59142.871744
83.000000 61360.551293
84.000000 61812.313104
85.000000 62370.882782
86.000000 63855.735091
87.000000 64881.860104
88.000000 64849.109415
89.000000 62680.414935
90.000000 57079.760585
91.000000 50627.793119
92.000000 43643.318083
93.000000 36001.042609
94.000000 28128.383441
95.000000 21330.356871
96.000000 17902.443299
97.000000 20691.192540
98.000000 27202.768686
99.000000 35045.121496
100.000000 42739.572393
101.000000 49832.391929
102.000000 56259.686591
103.000000 62012.071078
104.000000 64348.668070
105.000000 64432.198124
106.000000 93138.287678
107.000000 88865.240199
108.000000 88490.770481
109.000000 86695.411644
110.000000 90153.351278
111.000000 91098.296473
112.000000 89980.170088
113.000000 87264.840064
114.000000 85972.975778
115.000000 86825.471488
116.000000 91039.880656
117.000000 90981.078737
118.000000 89604.481955
119.000000 85868.846701
120.000000 80813.799526
121.000000 76540.678661
122.000000 77812.786113
123.000000 82639.378885
124.000000 87370.829349
125.000000 90182.705722
126.000000 90106.145557
127.000000 87599.982838
128.000000 84260.048259
129.000000 87137.151028
130.000000 88896.613618
131.000000 89360.116527
132.000000 89834.708654
133.000000 87866.431242
134.000000 83561.710756
135.000000 77459.431367
136.000000 76825.312376
137.000000 68659.634555
138.000000 63217.192547
139.000000 68531.966093
140.000000 76686.261323
141.000000 84386.963105
142.000000 97573.924980
143.000000 99266.254868
144.000000 99900.935326
145.000000 99727.597405
146.000000 99494.290775
147.000000 98926.124605
148.000000 94179.486017
149.000000 98148.265070
150.000000 99433.718623
151.000000 99397.518173
152.000000 98514.994535
153.000000 88652.477622
154.000000 82838.882990
155.000000 81036.461831
156.000000 86233.234561
157.000000 97929.082578
158.000000 99091.433395
159.000000 99423.751368
160.000000 99161.484590
161.000000 98054.002547
162.000000 90340.291562
163.000000 91970.690088
164.000000 98820.627055
165.000000 99124.571153
166.000000 105339.395141
167.000000 105507.741218
168.000000 106126.170339
169.000000 106089.015624
170.000000 106687.627327
171.000000 106843.335397
172.000000 106819.473054
173.000000 106209.014487
174.000000 104700.950994
175.000000 102580.608758
176.000000 99909.131124
177.000000 96738.892592
178.000000 59241.162897
179.000000 47653.909065
180.000000 40508.482494
181.000000 47618.816416
182.000000 59202.945805
183.000000 94293.022597
184.000000 99900.678911
185.000000 102578.773242
186.000000 104743.862799
187.000000 106293.143146
188.000000 106940.425066
189.000000 107026.514866
190.000000 106744.403063
191.000000 106347.695686
192.000000 106134.961819
193.000000 106084.526318
194.000000 105192.602064
195.000000 105542.656024
196.000000 112449.955336
197.000000 112115.993417
198.000000 110571.358864
199.000000 109218.494174
200.000000 110633.443450
201.000000 112096.491579
202.000000 112620.420791
203.000000 112818.378097
204.000000 112483.644487
205.000000 111459.504630
206.000000 109444.426060
207.000000 107059.243957
208.000000 106223.914724
209.000000 108358.103235
210.000000 110663.556172
211.000000 112176.078256
212.000000 112940.737108
213.000000 112891.007037
214.000000 112291.831388
215.000000 111017.133196
216.000000 110973.150783
217.000000 112270.020527
218.000000 112732.090928
219.000000 112553.912077
220.000000 113149.708647
221.000000 113348.804336
222.000000 113217.540326
223.000000 112100.211646
224.000000 110432.819481
225.000000 108144.671296
226.000000 84277.818455
227.000000 70954.408533
228.000000 65223.838921
229.000000 69959.881876
230.000000 83383.080972
231.000000 99803.268060
232.000000 102237.532906
233.000000 104044.301796
234.000000 105328.859529
235.000000 105625.791601
236.000000 105477.688820
237.000000 104910.572789
238.000000 105013.169042
239.000000 104671.732431
240.000000 103446.348474
241.000000 103211.539262
242.000000 104485.250262
243.000000 105245.829560
244.000000 105365.169511
245.000000 104674.586610
246.000000 103166.945854
247.000000 100952.267945
248.000000 94528.222949
249.000000 95022.909149
250.000000 101458.266087
251.000000 103597.895814
252.000000 104910.274208
253.000000 105372.510045
254.000000 105191.401122
255.000000 104757.668817
256.000000 94151.609281
257.000000 91869.932653
258.000000 93455.156425
259.000000 98507.791529
260.000000 99100.221851
261.000000 98519.090832
262.000000 98101.282473
263.000000 98842.308061
264.000000 98988.213564
265.000000 99170.950637
266.000000 99668.727008
267.000000 100018.118363
268.000000 100032.611160
269.000000 99328.148716
270.000000 97426.867727
271.000000 82702.272223
272.000000 75024.065547
273.000000 66150.746709
274.000000 56327.697868
275.000000 46864.634894
276.000000 41024.262691
277.000000 45877.239079
278.000000 55112.390801
279.000000 65003.153589
280.000000 74009.274194
281.000000 81854.081824
282.000000 97141.346970
283.000000 99102.011552
284.000000 99871.955852
285.000000 99872.829944
286.000000 116764.283952
287.000000 116191.545948
288.000000 116139.481262
289.000000 115629.634416
290.000000 115471.927438
291.000000 116060.885180
292.000000 115722.238096
293.000000 114318.668501
294.000000 113562.444433
295.000000 114919.545497
296.000000 116058.479884
297.000000 116274.401769
298.000000 115937.850771
299.000000 114729.013168
300.000000 112644.138447
301.000000 110666.342537
302.000000 111272.802671
303.000000 113435.415625
304.000000 115234.757906
305.000000 116091.491969
306.000000 116134.577467
307.000000 115221.090141
308.000000 114547.551464
309.000000 115551.101777
310.000000 116108.672693
311.000000 116320.217717
312.000000 116444.685578
313.000000 115802.335197
314.000000 114398.843204
315.000000 112347.272671
316.000000 120709.792463
317.000000 117788.336752
318.000000 115650.253052
319.000000 117758.297468
320.000000 120682.201261
321.000000 123243.920286
322.000000 125135.308135
323.000000 126421.736676
324.000000 126983.665871
325.000000 126822.743724
326.000000 126621.974356
327.000000 126112.047612
328.000000 125094.421632
329.000000 125727.853722
330.000000 126569.182211
331.000000 126540.588382
332.000000 125752.310636
333.000000 124114.794608
334.000000 121903.873813
335.000000 121179.753288
336.000000 123240.338664
337.000000 125219.887734
338.000000 126265.279455
339.000000 126555.713792
340.000000 126327.200981
341.000000 125325.025392
342.000000 123862.464894
343.000000 124621.346088
344.000000 126020.331113
345.000000 126292.251870
346.000000 76103.842680
347.000000 76678.999129
348.000000 78826.814147
349.000000 78640.512748
350.000000 80639.029866
351.000000 81113.924289
352.000000 80992.423943
353.000000 78978.837299
354.000000 74120.112368
355.000000 67419.380797
356.000000 59032.511368
357.000000 49428.491756
358.000000 38850.910629
359.000000 28627.065965
