0.000000 23011.783503
1.000000 28431.315196
2.000000 38162.989439
3.000000 48613.093672
4.000000 58415.727545
5.000000 67125.815382
6.000000 74260.563882
7.000000 79427.559384
8.000000 81619.918956
9.000000 81970.800043
10.000000 81094.070547
11.000000 79809.035676
12.000000 79098.907779
13.000000 78906.564362
14.000000 75891.672433
15.000000 77070.107459
16.000000 59514.306036
17.000000 58461.742168
18.000000 53711.379873
19.000000 49799.919197
20.000000 53898.412371
21.000000 58394.741554
22.000000 60025.378097
23.000000 60659.776673
24.000000 59615.636720
25.000000 56432.467160
26.000000 50402.442079
27.000000 43846.323988
28.000000 41735.284259
29.000000 47324.350234
30.000000 54001.222029
31.000000 58646.624604
32.000000 61062.932261
33.000000 60883.681964
34.000000 59005.389096
35.000000 55115.170712
36.000000 54984.674764
37.000000 58943.151906
38.000000 60388.145699
39.000000 59829.810666
40.000000 61676.745859
41.000000 62303.171964
42.000000 61876.413935
43.000000 58374.175904
44.000000 53304.703157
45.000000 46722.028850
46.000000 35672.348275
47.000000 29276.338613
48.000000 25435.484393
49.000000 28574.924899
50.000000 34788.947830
51.000000 41683.101842
52.000000 48165.366436
53.000000 53284.760424
54.000000 57058.100031
55.000000 57998.881639
56.000000 57565.845839
57.000000 55903.089610
58.000000 56201.498558
59.000000 55196.019330
60.000000 51645.466237
61.000000 50988.379875
62.000000 54620.704607
63.000000 56874.948412
64.000000 57296.900633
65.000000 55215.618294
66.000000 50814.555583
67.000000 44740.522689
68.000000 39660.298992
69.000000 40531.958001
70.000000 46075.428715
71.000000 52047.127761
72.000000 55891.710916
73.000000 57252.326307
74.000000 56747.318373
75.000000 55447.803889
76.000000 56713.488593
77.000000 52783.546025
78.000000 55533.208058
79.000000 60248.357214
80.000000 62082.666534
81.000000 60266.728591
82.000000 58999.145307
83.000000 61245.142578
84.000000 61702.563078
85.000000 62271.664757
86.000000 63780.835405
87.000000 64818.501117
88.000000 64775.556130
89.000000 62535.253909
90.000000 56761.972475
91.000000 50146.655159
92.000000 43056.708800
93.000000 35446.684719
94.000000 27790.000460
95.000000 21245.035402
96.000000 17876.124066
97.000000 20624.566260
98.000000 26899.184558
99.000000 34507.440841
100.000000 42147.074660
101.000000 49333.757358
102.000000 55918.572233
103.000000 61849.009984
104.000000 64264.881181
105.000000 64361.212573
106.000000 89212.181517
107.000000 87315.354465
108.000000 87174.243627
109.000000 85423.641340
110.000000 84904.668705
111.000000 86912.735359
112.000000 85722.872093
113.000000 80854.136784
114.000000 78279.006588
115.000000 82927.344982
116.000000 86902.311201
117.000000 87631.091962
118.000000 86472.302119
119.000000 82246.972635
120.000000 74962.858410
121.000000 68276.280093
122.000000 70298.558080
123.000000 77714.781885
124.000000 84043.849766
125.000000 87032.849331
126.000000 87135.589268
127.000000 83930.027588
128.000000 81617.147291
129.000000 85099.588508
130.000000 87039.761016
131.000000 87741.066352
132.000000 88125.699628
133.000000 85955.170690
134.000000 81097.217929
135.000000 73897.401720
136.000000 71634.827087
137.000000 61295.991751
138.000000 54480.032946
139.000000 61207.915756
140.000000 71537.652866
141.000000 81136.468807
142.000000 88289.729752
143.000000 93070.758771
144.000000 95080.436978
145.000000 94474.899946
146.000000 93766.761908
147.000000 91902.064631
148.000000 88137.840365
149.000000 90470.413588
150.000000 93601.817591
151.000000 93531.494973
152.000000 90606.674074
153.000000 84407.555977
154.000000 76167.527521
155.000000 73555.180357
156.000000 81115.188474
157.000000 88609.630267
158.000000 92540.344613
159.000000 93611.549534
160.000000 92753.356248
161.000000 88998.847429
162.000000 83587.146116
163.000000 86375.067796
164.000000 91628.052015
165.000000 92651.283662
166.000000 97413.903954
167.000000 97971.766066
168.000000 100063.536087
169.000000 99958.247870
170.000000 101815.523897
171.000000 102244.346021
172.000000 102119.573811
173.000000 100170.965087
174.000000 95203.808628
175.000000 87906.662852
176.000000 78378.889694
177.000000 66996.756321
178.000000 54160.914932
179.000000 41520.449817
180.000000 33923.022593
181.000000 41484.199094
182.000000 54120.200532
183.000000 66959.936388
184.000000 78347.592207
185.000000 87896.276579
186.000000 95336.993285
187.000000 100438.337614
188.000000 102495.137963
189.000000 102802.673571
190.000000 101983.172516
191.000000 100774.319451
192.000000 100102.089499
193.000000 99889.790554
194.000000 96928.845938
195.000000 98089.059753
196.000000 107149.776868
197.000000 106053.810407
198.000000 100902.617101
199.000000 96362.094062
200.000000 101113.383562
201.000000 105983.611612
202.000000 107644.201607
203.000000 108230.627690
204.000000 107232.361215
205.000000 103880.616654
206.000000 96947.195342
207.000000 88551.545301
208.000000 85616.483292
209.000000 93136.094943
210.000000 101173.302407
211.000000 106235.302515
212.000000 108608.083791
213.000000 108433.832714
214.000000 106529.172100
215.000000 102357.954724
216.000000 102205.977451
217.000000 106456.423496
218.000000 107945.829601
219.000000 107315.644141
220.000000 109154.159691
221.000000 109768.475991
222.000000 109392.714569
223.000000 105940.533831
224.000000 100412.194194
225.000000 92360.989636
226.000000 73742.063012
227.000000 63274.400887
228.000000 56128.795875
229.000000 62051.936265
230.000000 72377.300314
231.000000 82527.612600
232.000000 91033.956687
233.000000 97127.022862
234.000000 101207.823305
235.000000 102099.956279
236.000000 101655.634538
237.000000 99887.804035
238.000000 100261.054690
239.000000 99145.889955
240.000000 95116.362494
241.000000 94346.242551
242.000000 98530.729031
243.000000 100996.190823
244.000000 101361.831458
245.000000 99216.457034
246.000000 94189.395117
247.000000 86624.726606
248.000000 79641.621539
249.000000 80900.238601
250.000000 88356.042236
251.000000 95635.575713
252.000000 99977.276890
253.000000 101360.441201
254.000000 100832.374017
255.000000 99474.651115
256.000000 88490.857700
257.000000 83991.348125
258.000000 87170.925676
259.000000 92367.510839
260.000000 94326.535851
261.000000 92440.607894
262.000000 91085.373077
263.000000 93473.933006
264.000000 93930.278606
265.000000 94470.193988
266.000000 96019.078445
267.000000 97071.680838
268.000000 97101.825261
269.000000 94857.110298
270.000000 88618.531126
271.000000 80919.564586
272.000000 72022.782930
273.000000 61699.972423
274.000000 50432.656490
275.000000 39786.546781
276.000000 33316.616598
277.000000 38682.890792
278.000000 49049.398097
279.000000 60364.106140
280.000000 70830.237113
281.000000 79933.509661
282.000000 87670.081823
283.000000 94136.325513
284.000000 96598.078623
285.000000 96616.545137
286.000000 113593.279791
287.000000 111944.753798
288.000000 111848.988821
289.000000 110317.357250
290.000000 109850.484757
291.000000 111615.270196
292.000000 110525.308743
293.000000 106057.384897
294.000000 103620.970930
295.000000 107979.681207
296.000000 111595.320335
297.000000 112219.983152
298.000000 111219.398737
299.000000 107302.582431
300.000000 100266.806737
301.000000 93439.192734
302.000000 95544.525371
303.000000 102970.761448
304.000000 108983.294632
305.000000 111687.425909
306.000000 111795.990086
307.000000 108881.756757
308.000000 106739.434679
309.000000 109948.416564
310.000000 111692.400150
311.000000 112304.070712
312.000000 112682.065348
313.000000 110752.967375
314.000000 106241.829194
315.000000 99121.669617
316.000000 102248.363480
317.000000 90895.254102
318.000000 82771.745547
319.000000 90783.851472
320.000000 102143.624346
321.000000 111657.332566
322.000000 118095.218793
323.000000 122059.677923
324.000000 123656.035831
325.000000 123157.852304
326.000000 122626.112415
327.000000 121113.906113
328.000000 117969.726451
329.000000 119922.877853
330.000000 122497.395705
331.000000 122451.783149
332.000000 120070.362718
333.000000 114689.070051
334.000000 107016.309521
335.000000 104439.118378
336.000000 111693.725461
337.000000 118369.015232
338.000000 121664.273508
339.000000 122520.994209
340.000000 121846.057606
341.000000 118733.455316
342.000000 114077.319050
343.000000 116502.722803
344.000000 120919.303043
345.000000 121765.815268
346.000000 76378.397376
347.000000 76933.527471
348.000000 79075.399902
349.000000 78952.299831
350.000000 80912.868481
351.000000 81370.395775
352.000000 81214.860690
353.000000 79144.713100
354.000000 74121.167602
355.000000 67133.611198
356.000000 58443.138189
357.000000 48643.589205
358.000000 38194.688268
359.000000 28455.912655
