0.000000 130.436272
1.000000 224.059837
2.000000 385.010559
3.000000 542.315286
4.000000 683.706389
5.000000 807.312780
6.000000 899.361789
7.000000 877.412247
8.000000 855.348620
9.000000 864.840325
10.000000 864.054951
11.000000 856.136098
12.000000 863.673597
13.000000 872.924407
14.000000 758.031731
15.000000 791.144266
16.000000 606.862283
17.000000 615.064330
18.000000 536.708602
19.000000 446.542680
20.000000 538.344677
21.000000 588.692639
22.000000 600.064308
23.000000 606.845456
24.000000 604.030786
25.000000 619.423749
26.000000 520.292035
27.000000 369.460848
28.000000 317.856244
29.000000 454.871826
30.000000 586.849171
31.000000 603.513468
32.000000 608.034843
33.000000 595.096161
34.000000 576.081706
35.000000 508.258469
36.000000 507.068792
37.000000 589.109492
38.000000 587.733351
39.000000 535.938679
40.000000 607.750575
41.000000 604.676910
42.000000 607.143598
43.000000 588.737478
44.000000 590.967840
45.000000 503.085816
46.000000 336.477856
47.000000 211.827356
48.000000 131.689761
49.000000 200.776580
50.000000 326.216499
51.000000 446.989995
52.000000 553.193498
53.000000 599.309592
54.000000 560.446211
55.000000 550.421170
56.000000 568.109419
57.000000 534.748457
58.000000 586.837407
59.000000 583.199644
60.000000 470.442258
61.000000 451.312740
62.000000 558.785699
63.000000 575.015593
64.000000 578.773186
65.000000 626.329304
66.000000 556.461180
67.000000 425.865183
68.000000 306.946163
69.000000 330.107165
70.000000 458.987419
71.000000 584.873560
72.000000 642.086051
73.000000 579.276825
74.000000 570.102033
75.000000 598.974573
76.000000 565.544675
77.000000 458.179723
78.000000 537.824240
79.000000 670.199917
80.000000 706.913487
81.000000 621.102916
82.000000 582.882680
83.000000 646.180818
84.000000 631.312644
85.000000 617.483097
86.000000 631.175707
87.000000 669.405952
88.000000 775.230102
89.000000 773.947628
90.000000 684.915984
91.000000 590.142818
92.000000 487.190883
93.000000 374.529013
94.000000 255.523337
95.000000 146.865728
96.000000 93.371240
97.000000 139.707818
98.000000 245.287952
99.000000 364.146722
100.000000 477.184405
101.000000 581.216759
102.000000 675.675039
103.000000 766.090130
104.000000 753.700441
105.000000 649.095632
106.000000 948.812785
107.000000 921.527111
108.000000 960.640991
109.000000 927.099280
110.000000 912.742935
111.000000 999.661769
112.000000 992.286717
113.000000 892.035272
114.000000 847.927343
115.000000 939.735162
116.000000 1054.053923
117.000000 1138.555058
118.000000 1073.104112
119.000000 965.833102
120.000000 853.308509
121.000000 766.691646
122.000000 795.015541
123.000000 896.664839
124.000000 1010.203643
125.000000 1109.212188
126.000000 1176.649242
127.000000 1186.101957
128.000000 1183.021567
129.000000 1178.570096
130.000000 1183.644853
131.000000 1186.067010
132.000000 1160.615561
133.000000 1089.951938
134.000000 992.519625
135.000000 884.799198
136.000000 872.084336
137.000000 774.388012
138.000000 713.403340
139.000000 763.804311
140.000000 858.543136
141.000000 967.857167
142.000000 1075.416529
143.000000 1171.739328
144.000000 1245.997590
145.000000 1275.573181
146.000000 1275.362346
147.000000 1269.510752
148.000000 1276.138827
149.000000 1277.784380
150.000000 1277.784380
151.000000 1277.784380
152.000000 1277.784380
153.000000 1277.784380
154.000000 1277.784380
155.000000 1277.784380
156.000000 1277.784380
157.000000 1277.784380
158.000000 1277.784380
159.000000 1277.784380
160.000000 1277.784380
161.000000 1277.784380
162.000000 1277.784380
163.000000 1277.784380
164.000000 1277.784380
165.000000 1277.784380
166.000000 1364.399620
167.000000 1355.553564
168.000000 1351.793143
169.000000 1357.445846
170.000000 1363.961191
171.000000 1359.965021
172.000000 1334.530618
173.000000 1279.233725
174.000000 1192.462063
175.000000 1096.172005
176.000000 993.480262
177.000000 887.968257
178.000000 788.459313
179.000000 705.775854
180.000000 658.698170
181.000000 705.775854
182.000000 788.459313
183.000000 887.968257
184.000000 993.480262
185.000000 1096.172005
186.000000 1192.462063
187.000000 1279.233725
188.000000 1334.530618
189.000000 1359.965021
190.000000 1363.961191
191.000000 1357.445846
192.000000 1351.793143
193.000000 1355.553564
194.000000 1364.399620
195.000000 1364.399620
196.000000 1440.555464
197.000000 1440.555464
198.000000 1440.555464
199.000000 1440.555464
200.000000 1440.555464
201.000000 1440.555464
202.000000 1440.555464
203.000000 1440.555464
204.000000 1440.555464
205.000000 1440.555464
206.000000 1440.555464
207.000000 1440.555464
208.000000 1440.555464
209.000000 1440.555464
210.000000 1440.555464
211.000000 1440.555464
212.000000 1440.555464
213.000000 1440.555464
214.000000 1440.555464
215.000000 1440.555464
216.000000 1440.555464
217.000000 1440.555464
218.000000 1432.641733
219.000000 1434.883433
220.000000 1440.484922
221.000000 1431.622085
222.000000 1391.685364
223.000000 1313.972030
224.000000 1223.297859
225.000000 1121.447981
226.000000 897.689734
227.000000 804.346814
228.000000 748.386466
229.000000 800.505658
230.000000 892.736250
231.000000 999.502759
232.000000 1106.213745
233.000000 1202.287432
234.000000 1286.711602
235.000000 1331.545350
236.000000 1342.342574
237.000000 1336.601293
238.000000 1333.650481
239.000000 1342.264491
240.000000 1342.360891
241.000000 1342.360891
242.000000 1342.360891
243.000000 1342.360891
244.000000 1342.360891
245.000000 1342.360891
246.000000 1342.360891
247.000000 1342.360891
248.000000 1342.360891
249.000000 1342.360891
250.000000 1342.360891
251.000000 1342.360891
252.000000 1342.360891
253.000000 1342.360891
254.000000 1342.360891
255.000000 1342.360891
256.000000 1267.901748
257.000000 1267.901748
258.000000 1267.901748
259.000000 1267.901748
260.000000 1267.901748
261.000000 1267.901748
262.000000 1267.901748
263.000000 1258.893771
264.000000 1254.558871
265.000000 1260.309658
266.000000 1267.328652
267.000000 1263.642373
268.000000 1237.713674
269.000000 1180.786441
270.000000 1091.360313
271.000000 992.134287
272.000000 887.653297
273.000000 781.319923
274.000000 682.011672
275.000000 600.087373
276.000000 552.280385
277.000000 595.236316
278.000000 675.444479
279.000000 773.877726
280.000000 880.018022
281.000000 984.899242
282.000000 1084.060721
283.000000 1175.412808
284.000000 1234.750328
285.000000 1262.652847
286.000000 1481.047017
287.000000 1475.249167
288.000000 1469.966307
289.000000 1473.114612
290.000000 1481.369611
291.000000 1481.369611
292.000000 1481.369611
293.000000 1481.369611
294.000000 1481.369611
295.000000 1481.369611
296.000000 1481.369611
297.000000 1481.369611
298.000000 1481.369611
299.000000 1481.369611
300.000000 1481.369611
301.000000 1481.369611
302.000000 1481.369611
303.000000 1481.369611
304.000000 1481.369611
305.000000 1481.369611
306.000000 1481.369611
307.000000 1481.369611
308.000000 1480.215848
309.000000 1474.234331
310.000000 1479.112934
311.000000 1479.724168
312.000000 1455.188274
313.000000 1391.508706
314.000000 1306.127768
315.000000 1208.616990
316.000000 1286.615954
317.000000 1204.116404
318.000000 1156.400180
319.000000 1208.961497
320.000000 1292.570230
321.000000 1383.365404
322.000000 1468.075162
323.000000 1541.178511
324.000000 1593.220749
325.000000 1612.115801
326.000000 1610.815286
327.000000 1607.042734
328.000000 1610.092236
329.000000 1612.437376
330.000000 1605.253612
331.000000 1556.702703
332.000000 1483.711311
333.000000 1396.061586
334.000000 1313.773895
335.000000 1290.781520
336.000000 1362.447914
337.000000 1451.015354
338.000000 1531.342857
339.000000 1577.709593
340.000000 1516.492677
341.000000 1430.328363
342.000000 1358.209005
343.000000 1394.053949
344.000000 1471.246717
345.000000 1476.952555
346.000000 834.105537
347.000000 848.192208
348.000000 882.721162
349.000000 842.485919
350.000000 869.616323
351.000000 857.557998
352.000000 849.671884
353.000000 861.024049
354.000000 891.101716
355.000000 807.259917
356.000000 683.706389
357.000000 542.315286
358.000000 385.010559
359.000000 224.059837
