# This file includes the efficiency of the whole farm by wind direction.
# Wind direction angle	Farm efficiency
20693.827778
23778.044252
28214.275262
33916.453587
40637.496056
47706.910400
54884.127099
59511.522996
61076.020300
60921.980028
59747.907828
58380.131930
57881.820144
57993.373036
55228.924774
56226.301327
58557.200396
57448.206810
52852.093109
49412.639131
53024.978526
57376.825156
59076.852812
59822.939659
58773.869227
55421.992995
49590.435420
43981.743820
42343.069236
46859.255564
52991.055483
57716.550819
60299.899882
59951.623499
57978.854710
54340.204721
54209.469855
57943.121649
59445.514816
58822.714614
60648.978809
61547.690250
61482.858367
58067.397565
52437.599020
45994.251372
39645.916057
34550.055818
31752.753044
34032.698859
38893.966681
45146.996658
51749.194335
57613.614099
61550.858378
62153.421732
61396.815161
59625.817293
60030.388022
58961.124006
55404.701745
54800.033238
58316.209017
60731.916626
61371.800475
59058.614583
54364.650177
48405.054251
43928.399752
44660.175627
49660.282893
55644.996078
59791.734880
61269.760304
60638.443161
59175.233748
54943.087056
51441.501425
53858.410726
58364.912778
60255.295388
58447.118265
57238.145311
59589.668125
59759.852031
60137.600918
61770.704605
63189.634679
63707.517534
62030.736821
56296.624316
48737.997845
41869.470461
35321.918725
29780.713063
25588.704045
22829.846070
25166.939407
29198.469689
34587.882904
41034.802249
47912.749329
55394.117421
61370.281158
63255.740470
62782.952589
61584.978762
59693.652913
59586.162764
58272.324705
57686.852249
59494.927526
58379.219429
54149.247796
52145.757551
55862.082233
59452.536460
60390.405265
59139.323343
55223.239533
49300.003368
44717.017418
46017.963247
51421.653940
56846.211134
59813.589094
59747.484213
56836.227686
54977.899269
57837.012343
59574.865021
60420.860037
61008.376192
59192.965540
54355.357020
48212.828678
41529.352823
35932.472936
32976.225593
35900.013477
41476.786015
48106.714622
54111.936510
58858.491114
60539.068362
59788.482663
58926.641940
57244.285451
54180.796896
56034.381530
58856.182617
58924.703792
56031.969298
50794.326697
45013.689159
43438.824971
48339.641941
54248.265538
57850.416360
58976.682365
57975.176073
54627.542610
50422.145738
52510.273695
56936.385496
57897.983819
55649.083904
56245.565726
57859.070270
57658.611592
59550.501148
60350.035800
60688.743726
59239.442684
54753.048205
47714.301784
40657.983276
33934.762347
28229.182015
23789.724574
20693.659334
23777.513093
28213.892523
33916.371792
40637.479389
47706.915808
54884.019472
59508.677555
61073.726577
60923.218323
59750.081235
58381.220893
57882.930967
57992.855439
55229.169340
56226.332421
58557.491798
57449.001563
52852.450249
49412.743261
53024.888795
57376.675870
59079.531307
59820.095075
58770.940894
55421.496287
49589.630475
43980.817129
42344.748363
46860.826419
52993.471408
57719.998455
60298.768857
59953.187603
57976.048327
54341.438606
54210.948246
57946.082739
59440.947647
58823.330164
60653.902628
61555.597849
61461.570893
58050.413967
52433.767342
45993.409545
39643.376459
34545.003092
31752.087608
34039.523384
38897.521762
45147.987807
51750.153785
57623.681244
61573.821158
62153.885456
61391.426907
59617.344105
60018.698793
58955.305778
55400.946033
54801.407657
58322.135655
60751.053202
61347.108507
59041.546453
54362.348062
48400.514853
43923.357200
44667.119720
49664.461385
55647.657117
59808.992820
61292.920054
60612.223207
59167.123646
54940.095718
51439.601988
53861.901102
58368.523332
60258.705832
58449.795671
57237.454418
59585.862656
59763.221768
60140.895085
61774.526761
63189.172888
63703.808415
62034.200746
56296.530285
48737.789331
41869.776156
35323.311267
29782.606307
25590.253825
22830.420913
25166.081439
29197.089986
34586.491103
41034.305517
47912.900645
55394.156671
61360.335612
63258.922232
62780.720547
61586.083328
59698.681438
59587.683473
58268.837796
57688.328205
59497.026885
58382.620817
54151.113092
52144.569400
55860.382070
59443.150830
60385.599267
59152.509667
55225.507092
49302.581544
44719.945199
46015.415815
51420.061121
56838.829656
59795.080925
59751.009614
56840.958296
54973.916631
57833.576440
59555.458601
60406.882610
61027.972427
59214.862409
54362.243857
48214.891734
41534.952176
35943.111650
32977.129314
35891.379702
41472.103983
48104.581582
54102.669388
58833.682498
60533.495137
59793.244123
58937.154708
57244.643532
54185.450045
56030.215786
58859.496458
58933.534819
56039.889993
50797.757188
45018.252845
43436.331148
48337.076495
54244.455979
57842.829402
58975.630427
57979.772816
54628.743355
50422.921143
52509.991520
56936.129957
57897.926430
55649.237947
56245.611531
57858.906382
57659.016331
59551.240424
60350.568561
60687.536295
59236.973451
54753.765718
47714.334386
40657.999376
33934.849332
28229.181086
23789.592202
