8.500000
8.500000
8.500000
8.500000
8.500000
8.500000
8.500000
8.500000
8.500000
8.500000
8.500000
8.500000
8.500000
8.500000
8.500000
8.500000
8.500000
8.500000
8.500000
8.500000
8.500000
8.500000
8.500000
8.500000
8.500000
8.500000
8.500000
8.500000
8.500000
8.500000
8.500000
8.500000
8.500000
8.500000
8.500000
8.500000
8.500000
8.500000
8.500000
8.500000
8.500000
8.500000
8.500000
8.500000
8.500000
8.500000
8.500000
8.500000
8.500000
8.500000
8.500000
8.500000
8.500000
8.500000
8.500000
8.500000
8.500000
8.500000
8.500000
8.500000
8.500000
8.500000
8.500000
8.500000
8.500000
8.500000
8.500000
8.500000
8.500000
8.500000
8.500000
8.500000
8.500000
8.500000
8.500000
8.500000
8.500000
8.500000
8.500000
8.500000
8.500000
8.500000
8.500000
8.492545
8.447422
8.447960
8.480923
8.499723
8.451979
8.291797
7.998765
7.598359
7.181836
6.687925
6.103835
5.399501
4.786594
5.245003
5.954303
6.555076
7.060849
7.493066
7.894717
8.041552
7.727914
7.672532
7.695657
7.612021
7.744315
7.645482
7.538868
7.643502
7.639685
7.370250
7.118204
7.536568
7.775610
7.629910
7.626000
7.623005
7.224219
6.691132
6.830901
7.373510
7.581312
7.629095
7.718267
7.498532
7.247925
7.522365
7.598932
7.632795
7.669769
7.619566
7.498671
7.377670
6.889266
6.225201
5.631942
6.202635
6.871255
7.297006
7.429999
7.615181
7.570793
7.458017
7.528604
7.518204
7.163037
7.393239
7.563255
7.616185
7.486497
7.341120
6.815359
6.593170
7.167344
7.455721
7.574915
7.608327
7.583304
7.472785
7.030749
7.293502
7.639444
7.625741
7.396524
7.448313
7.555703
7.584859
7.699767
7.662863
7.647162
7.625121
7.655059
7.528552
7.120669
6.620555
6.027999
5.291268
4.653780
5.291268
6.027999
6.620555
7.120670
7.545335
7.947710
8.259292
8.437327
8.498203
8.485607
8.451491
8.444359
8.485285
8.500000
8.500000
8.500000
8.500000
8.500000
8.500000
8.500000
8.500000
8.500000
8.500000
8.500000
8.500000
8.500000
8.500000
8.500000
8.500000
8.500000
8.500000
8.500000
8.500000
8.500000
8.500000
8.500000
8.500000
8.500000
8.500000
8.500000
8.500000
8.500000
8.500000
8.500000
8.500000
8.500000
8.500000
8.500000
8.500000
8.500000
8.500000
8.500000
8.500000
8.500000
8.500000
8.500000
8.500000
8.500000
8.500000
8.500000
8.500000
8.500000
8.500000
8.500000
8.500000
8.500000
8.500000
8.500000
8.500000
8.500000
8.500000
8.500000
8.500000
8.500000
8.500000
8.500000
8.500000
8.500000
8.500000
8.500000
8.500000
8.500000
8.500000
8.500000
8.500000
8.500000
8.500000
8.500000
8.500000
8.500000
8.500000
8.500000
8.500000
8.500000
8.500000
8.500000
8.500000
8.500000
8.500000
8.500000
8.500000
8.500000
8.500000
8.500000
8.500000
8.500000
8.500000
8.500000
8.500000
8.500000
8.500000
8.500000
8.500000
8.500000
8.500000
8.500000
8.500000
8.500000
8.500000
8.500000
8.500000
8.500000
8.500000
8.500000
8.500000
8.500000
8.500000
8.500000
8.500000
8.500000
8.500000
8.500000
8.500000
8.500000
8.500000
8.500000
8.500000
8.500000
8.500000
8.500000
8.500000
8.500000
8.500000
8.500000
8.500000
8.500000
8.500000
8.500000
8.500000
8.500000
8.500000
8.500000
8.500000
8.500000
8.500000
8.500000
8.500000
8.500000
8.500000
8.500000
8.500000
8.500000
8.500000
8.500000
8.500000
8.500000
8.500000
8.500000
8.500000
8.500000
8.500000
8.500000
8.500000
8.500000
8.500000
8.500000
8.500000
8.500000
8.500000
