0.000000	151.790147
1.000000	217.885255
2.000000	290.445541
3.000000	373.951767
4.000000	469.386137
5.000000	566.226938
6.000000	609.711701
7.000000	594.256510
8.000000	599.596026
9.000000	606.168914
10.000000	604.692622
11.000000	597.347085
12.000000	603.864547
13.000000	626.031703
14.000000	566.076267
15.000000	589.137648
16.000000	677.992977
17.000000	661.305878
18.000000	563.607300
19.000000	503.364405
20.000000	564.486434
21.000000	667.567153
22.000000	771.775077
23.000000	825.817851
24.000000	746.997213
25.000000	644.925505
26.000000	542.711224
27.000000	462.979224
28.000000	438.940174
29.000000	500.275965
30.000000	594.250373
31.000000	699.285766
32.000000	796.121937
33.000000	840.867177
34.000000	838.189272
35.000000	840.303935
36.000000	842.695440
37.000000	842.695440
38.000000	834.713379
39.000000	831.437394
40.000000	840.514690
41.000000	838.731874
42.000000	800.951770
43.000000	715.951935
44.000000	612.718302
45.000000	515.497178
46.000000	431.342099
47.000000	369.206612
48.000000	335.604048
49.000000	361.588817
50.000000	419.629633
51.000000	500.687325
52.000000	596.623649
53.000000	698.705530
54.000000	790.326623
55.000000	835.609845
56.000000	841.680809
57.000000	832.542406
58.000000	832.867347
59.000000	842.695440
60.000000	842.695440
61.000000	842.695440
62.000000	842.695440
63.000000	842.695440
64.000000	842.695440
65.000000	842.695440
66.000000	842.695440
67.000000	842.695440
68.000000	842.695440
69.000000	842.695440
70.000000	842.695440
71.000000	842.695440
72.000000	842.695440
73.000000	842.695440
74.000000	842.695440
75.000000	842.695440
76.000000	842.695440
77.000000	842.695440
78.000000	842.695440
79.000000	842.695440
80.000000	842.695440
81.000000	842.695440
82.000000	842.695440
83.000000	838.717266
84.000000	825.594183
85.000000	827.289386
86.000000	837.824007
87.000000	842.300967
88.000000	824.421590
89.000000	771.862304
90.000000	682.655676
91.000000	576.920930
92.000000	485.087627
93.000000	404.971755
94.000000	342.609053
95.000000	299.692671
96.000000	277.748537
97.000000	297.370465
98.000000	338.896815
99.000000	399.884254
100.000000	478.875513
101.000000	570.167822
102.000000	675.181687
103.000000	766.633005
104.000000	821.916426
105.000000	841.946746
106.000000	838.542805
107.000000	827.898571
108.000000	825.201567
109.000000	837.524172
110.000000	842.695440
111.000000	842.695440
112.000000	842.695440
113.000000	842.695440
114.000000	842.695440
115.000000	842.695440
116.000000	842.695440
117.000000	842.695440
118.000000	842.695440
119.000000	842.695440
120.000000	842.695440
121.000000	842.695440
122.000000	842.695440
123.000000	842.695440
124.000000	842.695440
125.000000	842.695440
126.000000	842.695440
127.000000	842.695440
128.000000	842.695440
129.000000	842.695440
130.000000	842.695440
131.000000	842.695440
132.000000	842.695440
133.000000	842.695440
134.000000	842.695440
135.000000	842.695440
136.000000	842.695440
137.000000	842.695440
138.000000	842.695440
139.000000	842.695440
140.000000	842.695440
141.000000	842.695440
142.000000	842.695440
143.000000	842.695440
144.000000	842.695440
145.000000	842.695440
146.000000	842.695440
147.000000	842.695440
148.000000	842.695440
149.000000	842.695440
150.000000	842.695440
151.000000	842.695440
152.000000	842.695440
153.000000	842.695440
154.000000	842.695440
155.000000	842.695440
156.000000	842.695440
157.000000	842.695440
158.000000	842.695440
159.000000	842.695440
160.000000	842.695440
161.000000	842.695440
162.000000	842.695440
163.000000	842.695440
164.000000	842.695440
165.000000	842.695440
166.000000	842.695440
167.000000	842.695440
168.000000	842.695440
169.000000	842.695440
170.000000	842.695440
171.000000	842.695440
172.000000	842.695440
173.000000	842.695440
174.000000	842.695440
175.000000	842.695440
176.000000	842.695440
177.000000	842.695440
178.000000	842.695440
179.000000	842.695440
180.000000	842.695440
181.000000	842.695440
182.000000	842.695440
183.000000	842.695440
184.000000	842.695440
185.000000	842.695440
186.000000	842.695440
187.000000	842.695440
188.000000	842.695440
189.000000	842.695440
190.000000	842.695440
191.000000	842.695440
192.000000	842.695440
193.000000	842.695440
194.000000	842.695440
195.000000	842.695440
196.000000	842.695440
197.000000	842.695440
198.000000	842.695440
199.000000	842.695440
200.000000	842.695440
201.000000	842.695440
202.000000	842.695440
203.000000	842.695440
204.000000	842.695440
205.000000	842.695440
206.000000	842.695440
207.000000	842.695440
208.000000	842.695440
209.000000	842.695440
210.000000	842.695440
211.000000	842.695440
212.000000	842.695440
213.000000	842.695440
214.000000	842.695440
215.000000	842.695440
216.000000	842.695440
217.000000	842.695440
218.000000	842.695440
219.000000	842.695440
220.000000	842.695440
221.000000	842.695440
222.000000	842.695440
223.000000	842.695440
224.000000	842.695440
225.000000	842.695440
226.000000	842.695440
227.000000	842.695440
228.000000	842.695440
229.000000	842.695440
230.000000	842.695440
231.000000	842.695440
232.000000	842.695440
233.000000	842.695440
234.000000	842.695440
235.000000	842.695440
236.000000	842.695440
237.000000	842.695440
238.000000	842.695440
239.000000	842.695440
240.000000	842.695440
241.000000	842.695440
242.000000	842.695440
243.000000	842.695440
244.000000	842.695440
245.000000	842.695440
246.000000	842.695440
247.000000	842.695440
248.000000	842.695440
249.000000	842.695440
250.000000	842.695440
251.000000	842.695440
252.000000	842.695440
253.000000	842.695440
254.000000	842.695440
255.000000	842.695440
256.000000	842.695440
257.000000	842.695440
258.000000	842.695440
259.000000	842.695440
260.000000	842.695440
261.000000	842.695440
262.000000	842.695440
263.000000	838.594835
264.000000	825.492763
265.000000	827.241039
266.000000	837.822049
267.000000	842.300908
268.000000	824.452667
269.000000	771.432410
270.000000	681.582406
271.000000	573.310139
272.000000	474.107487
273.000000	378.130715
274.000000	293.733886
275.000000	224.938643
276.000000	174.234385
277.000000	220.692856
278.000000	287.650460
279.000000	370.117867
280.000000	464.953024
281.000000	564.258885
282.000000	671.691432
283.000000	763.631974
284.000000	731.959045
285.000000	625.071119
286.000000	609.970690
287.000000	585.420608
288.000000	621.139368
289.000000	590.530565
290.000000	576.559450
291.000000	656.543281
292.000000	642.548813
293.000000	523.123304
294.000000	472.927966
295.000000	573.859657
296.000000	630.335657
297.000000	602.370131
298.000000	658.455651
299.000000	613.336925
300.000000	486.443222
301.000000	383.003167
302.000000	416.535146
303.000000	538.806958
304.000000	638.166610
305.000000	617.627214
306.000000	613.217301
307.000000	553.353596
308.000000	501.574164
309.000000	599.679616
310.000000	619.090019
311.000000	593.863980
312.000000	600.616313
313.000000	597.503900
314.000000	604.918473
315.000000	535.540610
316.000000	421.601050
317.000000	315.084196
318.000000	253.808825
319.000000	314.693508
320.000000	419.970495
321.000000	525.346413
322.000000	556.568485
323.000000	587.312614
324.000000	598.419254
325.000000	559.749849
326.000000	566.534917
327.000000	562.801651
328.000000	478.962703
329.000000	532.233999
330.000000	573.028299
331.000000	588.443495
332.000000	555.369535
333.000000	519.253540
334.000000	408.375353
335.000000	369.948336
336.000000	480.035512
337.000000	546.447282
338.000000	577.136811
339.000000	585.777409
340.000000	578.873656
341.000000	552.330436
342.000000	451.402736
343.000000	507.559223
344.000000	591.928972
345.000000	590.432252
346.000000	532.855354
347.000000	545.005412
348.000000	572.370762
349.000000	579.509516
350.000000	609.518121
351.000000	599.231233
352.000000	595.486011
353.000000	589.494921
354.000000	596.449076
355.000000	564.347538
356.000000	469.386712
357.000000	373.951767
358.000000	290.445541
359.000000	217.885255
