202.531416
260.338217
358.969409
482.102706
617.126462
749.621039
865.377396
827.398643
796.685609
803.907969
802.272980
792.545104
801.271163
813.878232
694.207239
727.817141
560.999041
567.905423
497.952770
425.620484
499.520090
545.052977
554.340330
559.448049
559.441292
571.878882
483.187688
368.255787
333.819519
430.653831
541.376790
558.987815
561.981524
550.293371
533.766745
474.973602
473.930388
544.882175
544.397258
499.123859
560.814379
557.957772
563.218997
551.271800
547.894112
467.357287
342.616354
264.898847
214.863166
258.488565
335.770653
424.589450
515.527875
562.640879
523.475706
512.514906
526.928028
497.604077
543.155829
540.146984
446.024641
431.269673
518.952577
533.137519
536.382439
580.269485
516.197364
410.022766
327.361476
342.452564
435.441536
541.438741
594.728068
535.979727
528.514138
554.366572
522.046681
434.256607
498.357498
617.069654
652.360067
569.863059
535.797699
594.486539
580.431596
567.494890
580.752656
615.236780
721.314814
738.058022
651.489348
547.924570
453.912641
363.688033
284.769257
218.961717
166.719205
213.903022
278.595238
356.140222
445.274790
539.309411
641.985402
730.606121
699.790053
596.743526
891.147920
859.381727
904.459940
866.154745
848.616251
949.318751
940.254014
824.640596
776.114846
878.407325
1011.862707
1116.620921
1036.615298
908.893648
780.451719
687.078765
717.016996
829.084938
961.267609
1081.697086
1158.727635
1165.204598
1163.496524
1157.042720
1160.105083
1167.581463
1145.486611
1066.692141
944.354053
816.411753
788.051702
678.617493
614.362203
667.227566
772.450282
901.779492
1034.930328
1160.380261
1247.338106
1275.672584
1270.285623
1264.999489
1276.221754
1276.221754
1276.221754
1276.221754
1276.221754
1276.221754
1276.221754
1276.221754
1276.221754
1276.221754
1276.221754
1276.221754
1276.221754
1276.221754
1276.221754
1276.221754
1276.221754
1276.221754
1381.737619
1375.854899
1363.252179
1366.487688
1377.678004
1380.788413
1358.863385
1297.540646
1189.675955
1053.796151
920.215841
788.660595
672.338563
582.869929
535.264214
582.869929
672.338563
788.660595
920.215841
1053.796151
1189.675955
1297.540646
1358.863385
1380.788413
1377.678004
1366.487688
1363.252179
1375.854899
1381.737619
1381.737619
1475.262466
1475.262466
1475.262466
1475.262466
1475.262466
1475.262466
1475.262466
1475.262466
1475.262466
1475.262466
1475.262466
1475.262466
1475.262466
1475.262466
1475.262466
1475.262466
1475.262466
1475.262466
1475.262466
1475.262466
1475.262466
1475.262466
1466.093272
1464.875896
1473.956085
1469.300416
1425.734349
1327.996310
1202.877080
1067.845936
806.323889
699.073341
638.326631
694.813272
800.463913
930.305426
1065.834901
1194.698478
1299.329338
1347.603466
1353.610684
1343.917353
1344.558776
1354.772233
1354.772233
1354.772233
1354.772233
1354.772233
1354.772233
1354.772233
1354.772233
1354.772233
1354.772233
1354.772233
1354.772233
1354.772233
1354.772233
1354.772233
1354.772233
1354.772233
1264.275718
1264.275718
1264.275718
1264.275718
1264.275718
1264.275718
1264.275718
1259.122217
1245.311275
1247.878465
1259.480139
1263.616837
1242.564630
1181.587641
1074.126578
938.782525
809.307217
684.693692
577.259801
496.533331
453.124696
491.999802
570.509543
676.315903
800.083408
929.655924
1064.841613
1175.445288
1239.673495
1263.148458
1522.241145
1512.080053
1508.449999
1519.239282
1525.435747
1525.435747
1525.435747
1525.435747
1525.435747
1525.435747
1525.435747
1525.435747
1525.435747
1525.435747
1525.435747
1525.435747
1525.435747
1525.435747
1525.435747
1525.435747
1525.435747
1525.435747
1525.435747
1515.654857
1520.221642
1524.978217
1500.333246
1422.698861
1305.752139
1175.039691
1255.218376
1142.797151
1078.841411
1149.341917
1263.396074
1388.494235
1504.467571
1604.410694
1666.992967
1685.594560
1681.141972
1677.925673
1682.534519
1684.387263
1678.339491
1619.141663
1522.572330
1405.079783
1294.389565
1263.601121
1359.815594
1478.925976
1585.405470
1645.870343
1564.761097
1451.091857
1355.320182
1402.925408
1506.134281
1513.959016
768.112718
784.505230
822.371739
778.031673
808.179119
796.131530
790.818419
809.661584
855.555637
749.576877
617.126462
482.102706
358.969409
260.338217
