# This file includes the efficiency of the whole farm by wind direction.
# Wind direction angle	Farm efficiency
22667.768169
25383.019971
29842.107488
35399.586946
41547.916924
47828.940617
53578.940754
58201.853232
60375.295111
60797.044724
59981.820882
58803.888273
58107.691706
57928.643059
55509.138264
56446.181238
58583.737114
57546.130131
53217.376292
49914.828613
53381.351347
57484.806383
59121.541558
59788.838067
58644.101152
55546.012046
50107.057589
44746.877730
43153.778366
47513.913299
53295.863461
57673.143509
60120.969710
59972.522229
58142.822674
54648.141505
54545.551986
58087.095277
59465.657573
59073.749705
60803.683210
61409.455722
60881.799426
57351.486269
52525.157498
46686.979384
40765.789048
35795.616814
32991.881120
35278.708318
40046.706493
45909.357481
51914.377370
56965.195858
60877.164320
61942.223890
61513.282026
59895.433001
60073.331110
59061.766962
55709.416390
55106.628354
58496.107981
60753.600455
61188.063986
58976.178762
54615.116773
49010.320056
44718.076113
45425.783622
50199.397799
55807.575301
59667.442996
61167.180229
60644.203030
59253.811852
55249.395789
51903.053904
54216.973120
58474.812803
60248.861478
58612.825071
57491.110720
59481.859898
59937.219297
60561.997388
62019.322532
63040.306975
62910.861253
60570.074604
54918.924917
48801.762144
42709.577715
36747.718636
31389.290584
27187.337933
24679.473347
26777.926869
30806.440689
36056.326793
41965.114198
48078.532349
54117.390955
59885.417597
62396.383533
62586.237066
61817.169388
60072.093640
59792.728245
58263.646519
57889.452252
59539.375455
58477.981629
54484.903988
52564.886486
56118.010762
59507.776241
60294.037922
59074.152209
55417.465725
49840.320236
45442.764380
46699.774080
51850.560969
56921.864019
59643.570473
59768.582629
57077.633954
55257.293960
58006.871636
59727.433558
60469.390140
60706.034631
58580.535027
54313.287237
48732.210885
42507.350929
37081.400171
34123.578317
37048.662651
42457.064317
48629.336832
54077.459187
58265.204686
60258.689326
59850.038927
59080.238891
57416.048544
54479.004686
56287.328321
58888.142448
58770.384841
56110.944359
51228.164938
45707.792025
44178.635271
48901.339927
54456.459067
57808.428092
58916.699271
58045.253458
54893.024063
50871.741122
52879.025585
57054.574215
57959.182519
55886.731370
56281.184176
58060.614534
58047.264611
59803.176193
60242.009411
60008.231931
57955.870011
53459.903139
47833.797481
41566.268948
35416.988899
29857.235838
25394.273138
22667.609347
25382.185842
29841.700803
35399.502155
41547.893650
47828.941878
53578.850380
58199.553463
60372.346245
60797.259407
59983.263499
58805.150194
58109.261748
57928.642273
55509.358380
56446.282537
58584.045221
57546.897134
53217.727316
49914.923313
53381.261052
57484.818713
59123.933661
59785.822701
58641.796275
55545.530960
50106.253671
44745.971476
43155.380547
47515.449916
53298.213886
57676.346180
60120.064110
59974.991235
58140.093739
54648.944501
54546.995083
58089.700013
59463.287199
59075.056063
60807.846322
61415.737203
60860.351229
57337.406799
52521.614237
46686.042043
40763.259955
35790.477232
32991.033965
35285.612998
40050.228788
45910.452800
51915.374972
56973.374924
60899.519406
61947.673026
61510.225766
59884.302018
60060.715520
59057.632285
55705.736258
55107.955423
58502.135974
60770.432191
61163.210309
58960.527137
54612.737657
49005.834577
44713.169452
45432.501533
50203.571848
55810.274706
59683.290614
61191.534457
60621.922324
59245.747356
55246.643956
51901.208318
54220.403474
58478.288153
60252.170180
58615.945709
57490.398166
59479.725185
59942.812492
60566.604616
62021.114883
63037.090116
62907.605034
60572.883334
54918.914842
48801.714990
42710.060438
36749.137310
31391.085949
27188.681332
24680.206540
26777.423947
30805.171132
36054.940701
41964.472520
48078.547892
54117.340441
59877.451116
62398.134791
62582.349442
61816.794518
60077.204908
59795.541033
58261.885766
57891.317586
59541.421138
58481.218194
54486.739971
52563.729077
56116.170654
59499.046739
60291.039144
59086.332838
55419.741928
49842.865817
45445.585174
46697.289006
51848.943112
56914.852645
59627.261728
59770.311286
57081.856926
55257.968232
58001.821387
59709.214653
60457.162876
60728.662401
58600.318472
54319.622420
48734.463980
42512.918131
37091.825249
34124.454756
37040.132999
42452.395947
48627.061304
54069.081321
58242.800431
60251.043085
59851.225654
59089.809849
57419.334542
54479.473254
56283.711240
58893.152903
58778.541973
56118.365168
51231.578807
45712.217337
44176.188664
48898.797149
54452.804518
57801.426676
58914.935634
58049.176674
54894.498176
50872.490247
52878.745532
57054.339052
57959.135753
55886.870972
56280.924898
58060.708631
58047.646129
59803.613655
60242.090183
60006.619055
57954.045388
53460.518427
47833.831391
41566.292516
35417.076633
29857.208708
25393.931073
