187.983599
239.072512
311.782039
394.185784
481.922850
570.365248
642.993999
620.538760
601.569492
608.854994
608.052837
601.575761
608.377277
619.413795
530.013949
554.686293
598.521387
605.954612
536.070181
461.082359
537.506591
582.060434
592.443022
598.561286
595.975300
609.852352
521.466399
400.391452
362.996083
466.859952
580.115854
595.462685
599.672316
587.964934
570.766087
511.871809
510.847289
582.388541
581.239142
535.684002
599.374362
596.594816
598.911685
582.165335
583.818254
506.644927
404.910955
309.147074
250.735742
301.087346
396.440518
499.517524
598.401398
644.105380
607.142864
597.675824
614.469236
582.971117
632.394649
628.088822
522.253601
505.175668
604.522414
621.026062
624.816092
670.771621
601.681004
481.340717
382.754945
401.062588
510.712689
629.272430
686.608622
625.321012
616.434583
643.666633
553.095974
463.716256
529.226948
647.913200
682.679316
602.381281
568.180670
625.331090
611.740856
599.142685
611.578188
647.100630
750.093880
749.035974
661.923310
574.422012
486.107359
398.086859
315.297908
245.596117
201.003450
240.726703
308.663582
390.478177
477.936180
566.489659
653.147416
741.146747
728.596848
628.145041
613.065908
590.238250
624.031821
595.214838
582.648072
658.105599
651.571143
566.066877
531.417508
605.535611
708.551685
792.446087
726.949493
628.299610
536.021470
472.819617
492.739857
570.213514
667.845650
762.544163
831.765997
841.515586
838.327988
833.562295
838.937513
841.555005
814.762099
743.290387
652.030506
561.157686
479.126017
415.999483
381.069342
409.696129
469.835506
549.936809
640.365792
731.433865
808.166138
840.283241
839.989677
833.556439
840.906376
842.695440
842.695440
842.695440
842.695440
842.695440
842.695440
842.695440
842.695440
842.695440
842.695440
842.695440
842.695440
842.695440
842.695440
842.695440
842.695440
842.695440
842.695440
832.286517
828.303586
834.911605
842.270886
837.241037
807.781258
747.262776
660.536754
575.279887
495.622155
425.469109
369.396710
329.599079
309.419230
329.599079
369.396710
425.469109
495.622155
575.279887
660.536754
747.262776
807.781258
837.241037
842.270886
834.911605
828.303586
832.286517
842.695440
842.695440
842.695440
842.695440
842.695440
842.695440
842.695440
842.695440
842.695440
842.695440
842.695440
842.695440
842.695440
842.695440
842.695440
842.695440
842.695440
842.695440
842.695440
842.695440
842.695440
842.695440
842.695440
842.695440
832.952548
835.720314
842.610727
831.677164
784.053201
698.358285
609.334876
522.451044
447.184309
390.955326
361.179276
388.819944
443.985965
518.478209
605.022320
693.794313
780.678877
830.328880
842.675401
836.117892
832.743940
842.575951
842.695440
842.695440
842.695440
842.695440
842.695440
842.695440
842.695440
842.695440
842.695440
842.695440
842.695440
842.695440
842.695440
842.695440
842.695440
842.695440
842.695440
842.695440
842.695440
842.695440
842.695440
842.695440
842.695440
832.689742
828.224817
834.575516
842.136282
837.799370
809.406221
750.036298
663.955323
578.304307
498.415236
427.814368
371.177268
330.762247
309.584949
328.536183
367.734326
423.265326
492.990970
572.428054
657.310093
744.619650
806.222509
836.691552
842.380034
835.222963
828.394729
831.944711
842.695440
842.695440
842.695440
842.695440
842.695440
842.695440
842.695440
842.695440
842.695440
842.695440
842.695440
842.695440
842.695440
842.695440
842.695440
842.695440
842.695440
842.695440
841.263103
833.531081
839.747250
840.631649
809.799935
734.279568
643.138981
552.586569
472.012364
411.149281
380.734280
414.425499
476.841031
558.418749
649.202165
740.444958
813.229223
841.292747
839.199587
833.533072
838.259135
841.549035
831.581541
762.058450
667.317826
569.731772
492.432389
473.105042
536.569591
628.965335
727.580564
792.240524
707.837659
604.884973
531.087826
566.430188
652.137401
658.637822
582.876628
595.052927
624.646266
590.092693
612.817809
602.659638
596.925516
606.776471
635.602814
570.323370
481.922850
394.185784
311.782039
239.072512
