0.000000 -50182.397176
1.000000 -56911.045503
2.000000 -68150.017130
3.000000 -80076.441520
4.000000 -91379.233073
5.000000 -101656.551782
6.000000 -110384.464617
7.000000 -116986.652073
8.000000 -119959.373929
9.000000 -120523.274233
10.000000 -119438.935076
11.000000 -117854.533858
12.000000 -116897.486589
13.000000 -116607.826621
14.000000 -113182.141590
15.000000 -114516.474065
16.000000 -92426.706983
17.000000 -91214.812292
18.000000 -86016.986835
19.000000 -81844.612145
20.000000 -86219.196452
21.000000 -91139.836362
22.000000 -93031.002370
23.000000 -93782.734201
24.000000 -92482.825558
25.000000 -88855.781400
26.000000 -82190.157945
27.000000 -75060.121090
28.000000 -72757.806398
29.000000 -78838.862156
30.000000 -86147.701458
31.000000 -91354.515482
32.000000 -94155.874716
33.000000 -93986.323666
34.000000 -91869.472096
35.000000 -87674.634257
36.000000 -87543.444483
37.000000 -91801.405712
38.000000 -93407.092350
39.000000 -92907.253585
40.000000 -94916.334951
41.000000 -95602.242202
42.000000 -95011.636075
43.000000 -90968.719671
44.000000 -85255.964959
45.000000 -77944.844505
46.000000 -65635.394763
47.000000 -58272.275069
48.000000 -53474.148112
49.000000 -57434.510581
50.000000 -64640.026523
51.000000 -72330.585048
52.000000 -79485.874268
53.000000 -85177.264985
54.000000 -89434.518562
55.000000 -90571.639836
56.000000 -90122.289953
57.000000 -88350.106608
58.000000 -88576.268536
59.000000 -87461.945273
60.000000 -83674.754913
61.000000 -82977.478038
62.000000 -86836.847555
63.000000 -89317.707567
64.000000 -89773.177421
65.000000 -87392.030665
66.000000 -82523.093672
67.000000 -75930.902836
68.000000 -70413.540438
69.000000 -71367.605604
70.000000 -77373.247689
71.000000 -83871.003592
72.000000 -88147.898377
73.000000 -89748.646696
74.000000 -89196.196908
75.000000 -87697.407823
76.000000 -89427.051227
77.000000 -85267.509333
78.000000 -88171.815599
79.000000 -93259.697527
80.000000 -95325.551611
81.000000 -93448.380052
82.000000 -92130.285236
83.000000 -94455.703225
84.000000 -94958.796065
85.000000 -95651.799491
86.000000 -97316.136697
87.000000 -98468.249806
88.000000 -98331.858750
89.000000 -95659.107089
90.000000 -89055.023756
91.000000 -81619.093540
92.000000 -73712.309819
93.000000 -65192.310420
94.000000 -56413.793653
95.000000 -48353.752295
96.000000 -43354.406394
97.000000 -47516.026510
98.000000 -55362.423889
99.000000 -64130.736564
100.000000 -72697.002765
101.000000 -80710.224692
102.000000 -88101.216029
103.000000 -94874.125021
104.000000 -97749.961303
105.000000 -97954.896272
106.000000 -130629.139011
107.000000 -128178.173609
108.000000 -127817.261619
109.000000 -125696.027005
110.000000 -125158.077174
111.000000 -127455.048287
112.000000 -125874.641683
113.000000 -119970.641426
114.000000 -117001.426435
115.000000 -122419.726628
116.000000 -127399.076331
117.000000 -128479.437933
118.000000 -126738.941313
119.000000 -121266.574446
120.000000 -112507.993548
121.000000 -104949.392319
122.000000 -107198.105808
123.000000 -115744.267012
124.000000 -123555.768119
125.000000 -127546.647817
126.000000 -127754.192901
127.000000 -123814.386722
128.000000 -121080.903404
129.000000 -125183.836341
130.000000 -127696.875239
131.000000 -128746.516827
132.000000 -129065.296531
133.000000 -125980.070989
134.000000 -119595.711967
135.000000 -110646.292430
136.000000 -108857.054571
137.000000 -96871.768878
138.000000 -89239.962287
139.000000 -96777.569780
140.000000 -108745.725512
141.000000 -120500.300852
142.000000 -129845.108335
143.000000 -136516.557042
144.000000 -139587.906975
145.000000 -138952.060450
146.000000 -137812.709459
147.000000 -135233.432046
148.000000 -130541.757848
149.000000 -133448.635293
150.000000 -137521.640040
151.000000 -137331.692618
152.000000 -133176.200204
153.000000 -125070.415647
154.000000 -115131.886995
155.000000 -112130.397641
156.000000 -121005.684049
157.000000 -130487.104040
158.000000 -135888.426776
159.000000 -137605.990099
160.000000 -136282.871882
161.000000 -131270.133456
162.000000 -124620.538283
163.000000 -127989.817924
164.000000 -134717.100578
165.000000 -136163.552618
166.000000 -144379.181797
167.000000 -145044.918079
168.000000 -147932.612342
169.000000 -147983.373376
170.000000 -150726.627591
171.000000 -151400.721306
172.000000 -151043.915996
173.000000 -147771.007467
174.000000 -140171.031181
175.000000 -129814.473640
176.000000 -117174.513172
177.000000 -102901.070910
178.000000 -87518.141634
179.000000 -72894.209098
180.000000 -64134.050357
181.000000 -72852.341645
182.000000 -87469.664699
183.000000 -102855.576286
184.000000 -117133.985326
185.000000 -129799.112800
186.000000 -140353.336254
187.000000 -148155.361968
188.000000 -151598.699705
189.000000 -152238.942924
190.000000 -150992.648813
191.000000 -149171.654255
192.000000 -148060.573383
193.000000 -147700.462081
194.000000 -143745.802647
195.000000 -145285.069346
196.000000 -160060.461474
197.000000 -158253.145593
198.000000 -150636.304195
199.000000 -144488.932301
200.000000 -150932.955798
201.000000 -158148.254209
202.000000 -160961.294422
203.000000 -162037.220157
204.000000 -160088.297011
205.000000 -154659.554031
206.000000 -144550.167342
207.000000 -133526.543052
208.000000 -129915.208207
209.000000 -139405.454266
210.000000 -150580.603899
211.000000 -158401.852356
212.000000 -162500.733741
213.000000 -162293.912474
214.000000 -159204.202111
215.000000 -153136.907541
216.000000 -152950.451142
217.000000 -159100.360866
218.000000 -161440.891492
219.000000 -160781.551241
220.000000 -163632.410603
221.000000 -164610.618153
222.000000 -163697.117426
223.000000 -157764.025140
224.000000 -149099.625941
225.000000 -137569.339204
226.000000 -112196.523817
227.000000 -99962.522270
228.000000 -91916.884650
229.000000 -98577.716049
230.000000 -110566.258693
231.000000 -123053.533728
232.000000 -134260.074081
233.000000 -142908.628657
234.000000 -149186.170037
235.000000 -150806.586968
236.000000 -150178.288851
237.000000 -147688.916837
238.000000 -147947.503228
239.000000 -146325.870696
240.000000 -140928.300329
241.000000 -139931.105108
242.000000 -145457.340692
243.000000 -149040.756265
244.000000 -149589.167958
245.000000 -146146.529504
246.000000 -138970.546236
247.000000 -129112.963767
248.000000 -120729.717262
249.000000 -122203.542628
250.000000 -131292.999467
251.000000 -140969.093837
252.000000 -147294.072948
253.000000 -149658.929445
254.000000 -148833.211110
255.000000 -146649.894745
256.000000 -130634.492359
257.000000 -125206.117371
258.000000 -129010.281160
259.000000 -135623.261547
260.000000 -138325.970845
261.000000 -135985.212820
262.000000 -134313.905907
263.000000 -137253.815237
264.000000 -137892.294853
265.000000 -138781.046613
266.000000 -140910.213262
267.000000 -142387.360042
268.000000 -142244.120664
269.000000 -138785.022953
270.000000 -129998.944538
271.000000 -119767.282097
272.000000 -108566.918754
273.000000 -96142.389201
274.000000 -83059.159913
275.000000 -70977.333645
276.000000 -63522.512330
277.000000 -69723.265553
278.000000 -81477.922221
279.000000 -94566.282092
280.000000 -107103.110010
281.000000 -118496.251980
282.000000 -128706.067261
283.000000 -137747.213500
284.000000 -141511.487806
285.000000 -141738.778259
286.000000 -171941.317813
287.000000 -169107.084415
288.000000 -168681.316614
289.000000 -166242.657778
290.000000 -165627.812269
291.000000 -168252.657341
292.000000 -166375.225155
293.000000 -159449.004508
294.000000 -155944.583689
295.000000 -162320.544925
296.000000 -168163.441412
297.000000 -169429.813191
298.000000 -167398.639200
299.000000 -160866.980067
300.000000 -150376.807559
301.000000 -141225.563829
302.000000 -143953.019105
303.000000 -154260.156840
304.000000 -163589.680485
305.000000 -168303.324962
306.000000 -168589.804291
307.000000 -163982.284015
308.000000 -160772.799832
309.000000 -165566.933010
310.000000 -168503.974806
311.000000 -169744.489430
312.000000 -170159.039953
313.000000 -166503.407618
314.000000 -158849.277329
315.000000 -147912.255686
316.000000 -155736.394072
317.000000 -139967.681143
318.000000 -129685.292987
319.000000 -139806.459586
320.000000 -155571.299554
321.000000 -170580.879438
322.000000 -182156.357629
323.000000 -190191.089669
324.000000 -193878.082213
325.000000 -193145.919865
326.000000 -191819.435321
327.000000 -188741.802446
328.000000 -183166.836983
329.000000 -186616.190172
330.000000 -191461.295211
331.000000 -191231.333652
332.000000 -186256.233636
333.000000 -176385.956044
334.000000 -164127.280164
335.000000 -160367.470792
336.000000 -171385.357587
337.000000 -182978.285816
338.000000 -189504.058331
339.000000 -191569.566681
340.000000 -190009.290206
341.000000 -184009.809206
342.000000 -176037.049991
343.000000 -180082.438375
344.000000 -188122.097164
345.000000 -189866.086084
346.000000 -113728.252048
347.000000 -114302.940124
348.000000 -116806.115847
349.000000 -116822.094631
350.000000 -119208.307704
351.000000 -119787.647012
352.000000 -119467.454080
353.000000 -116647.561313
354.000000 -110224.997998
355.000000 -101667.788993
356.000000 -91411.495245
357.000000 -80111.727870
358.000000 -68186.519354
359.000000 -56940.786086
