0.000000 -419.508559
1.000000 -541.402815
2.000000 -732.550485
3.000000 -916.467780
4.000000 -1082.035006
5.000000 -1229.250384
6.000000 -1342.970884
7.000000 -1320.926614
8.000000 -1295.621329
9.000000 -1307.002948
10.000000 -1306.129829
11.000000 -1296.872134
12.000000 -1305.246283
13.000000 -1312.856775
14.000000 -1178.387483
15.000000 -1216.607269
16.000000 -1002.874311
17.000000 -1010.281826
18.000000 -921.091683
19.000000 -823.602615
20.000000 -923.320092
21.000000 -982.063186
22.000000 -995.892545
23.000000 -1004.757482
24.000000 -1000.801502
25.000000 -1013.015693
26.000000 -897.535158
27.000000 -726.963046
28.000000 -668.269670
29.000000 -823.465744
30.000000 -974.545907
31.000000 -999.164545
32.000000 -1005.080791
33.000000 -989.769156
34.000000 -967.225165
35.000000 -890.860695
36.000000 -889.408704
37.000000 -981.088697
38.000000 -980.346448
39.000000 -922.134036
40.000000 -1002.031569
41.000000 -1002.593730
42.000000 -1003.637202
43.000000 -982.453822
44.000000 -980.528605
45.000000 -878.732131
46.000000 -690.332279
47.000000 -540.445253
48.000000 -432.559058
49.000000 -526.473501
50.000000 -677.889515
51.000000 -816.905646
52.000000 -936.633069
53.000000 -991.554577
54.000000 -952.395607
55.000000 -942.375814
56.000000 -961.286620
57.000000 -926.217796
58.000000 -980.391165
59.000000 -972.327094
60.000000 -848.406326
61.000000 -827.723931
62.000000 -945.623099
63.000000 -967.958750
64.000000 -972.536792
65.000000 -1020.961701
66.000000 -940.330033
67.000000 -794.010113
68.000000 -660.246072
69.000000 -686.515724
70.000000 -830.917363
71.000000 -972.115209
72.000000 -1038.553715
73.000000 -973.111033
74.000000 -963.311522
75.000000 -990.699118
76.000000 -952.565672
77.000000 -836.471837
78.000000 -922.397357
79.000000 -1068.330377
80.000000 -1112.485020
81.000000 -1021.068369
82.000000 -980.919115
83.000000 -1047.243179
84.000000 -1031.411862
85.000000 -1017.043033
86.000000 -1031.751805
87.000000 -1072.651922
88.000000 -1188.763396
89.000000 -1186.250892
90.000000 -1084.127239
91.000000 -976.723662
92.000000 -860.449109
93.000000 -731.964690
94.000000 -592.010931
95.000000 -453.469467
96.000000 -365.744599
97.000000 -443.248125
98.000000 -579.693293
99.000000 -720.118731
100.000000 -849.241294
101.000000 -966.739032
102.000000 -1073.674822
103.000000 -1177.217626
104.000000 -1164.686759
105.000000 -1050.916406
106.000000 -1413.363859
107.000000 -1380.578655
108.000000 -1427.346794
109.000000 -1387.015199
110.000000 -1370.246729
111.000000 -1475.731095
112.000000 -1466.406493
113.000000 -1345.561875
114.000000 -1294.601603
115.000000 -1402.175086
116.000000 -1545.276005
117.000000 -1658.949068
118.000000 -1570.200779
119.000000 -1433.573761
120.000000 -1300.243725
121.000000 -1203.132660
122.000000 -1234.429033
123.000000 -1350.558032
124.000000 -1488.826321
125.000000 -1618.647294
126.000000 -1713.430305
127.000000 -1727.437215
128.000000 -1722.864811
129.000000 -1716.445192
130.000000 -1723.822232
131.000000 -1727.311566
132.000000 -1690.574945
133.000000 -1592.751161
134.000000 -1466.441420
135.000000 -1336.161961
136.000000 -1330.158831
137.000000 -1219.688567
138.000000 -1153.279622
139.000000 -1208.036368
140.000000 -1314.507974
141.000000 -1444.473173
142.000000 -1581.741636
143.000000 -1714.542589
144.000000 -1824.805218
145.000000 -1870.973531
146.000000 -1870.680301
147.000000 -1861.444204
148.000000 -1871.870060
149.000000 -1874.497859
150.000000 -1874.497859
151.000000 -1874.497859
152.000000 -1874.497859
153.000000 -1874.497859
154.000000 -1874.497859
155.000000 -1874.497859
156.000000 -1874.497859
157.000000 -1874.497859
158.000000 -1874.497859
159.000000 -1874.497859
160.000000 -1874.497859
161.000000 -1874.497859
162.000000 -1874.497859
163.000000 -1874.497859
164.000000 -1874.497859
165.000000 -1874.497859
166.000000 -2027.058987
167.000000 -2011.820508
168.000000 -2005.192533
169.000000 -2014.872115
170.000000 -2026.253348
171.000000 -2019.501857
172.000000 -1976.282209
173.000000 -1886.016288
174.000000 -1753.760937
175.000000 -1618.228676
176.000000 -1484.598136
177.000000 -1356.610823
178.000000 -1242.811484
179.000000 -1152.296449
180.000000 -1102.074406
181.000000 -1152.296449
182.000000 -1242.811484
183.000000 -1356.610823
184.000000 -1484.598136
185.000000 -1618.228676
186.000000 -1753.760937
187.000000 -1886.016288
188.000000 -1976.282209
189.000000 -2019.501857
190.000000 -2026.253348
191.000000 -2014.872115
192.000000 -2005.192533
193.000000 -2011.820508
194.000000 -2027.058987
195.000000 -2027.058987
196.000000 -2174.637718
197.000000 -2174.637718
198.000000 -2174.637718
199.000000 -2174.637718
200.000000 -2174.637718
201.000000 -2174.637718
202.000000 -2174.637718
203.000000 -2174.637718
204.000000 -2174.637718
205.000000 -2174.637718
206.000000 -2174.637718
207.000000 -2174.637718
208.000000 -2174.637718
209.000000 -2174.637718
210.000000 -2174.637718
211.000000 -2174.637718
212.000000 -2174.637718
213.000000 -2174.637718
214.000000 -2174.637718
215.000000 -2174.637718
216.000000 -2174.637718
217.000000 -2174.637718
218.000000 -2159.582068
219.000000 -2163.825073
220.000000 -2174.501935
221.000000 -2157.662720
222.000000 -2084.023273
223.000000 -1950.227848
224.000000 -1807.382281
225.000000 -1660.642731
226.000000 -1366.394637
227.000000 -1259.176267
228.000000 -1197.268705
229.000000 -1254.874665
230.000000 -1360.565341
231.000000 -1490.220685
232.000000 -1629.610475
233.000000 -1765.579306
234.000000 -1895.186935
235.000000 -1968.596205
236.000000 -1986.798577
237.000000 -1977.079718
238.000000 -1972.118395
239.000000 -1986.671033
240.000000 -1986.830176
241.000000 -1986.830176
242.000000 -1986.830176
243.000000 -1986.830176
244.000000 -1986.830176
245.000000 -1986.830176
246.000000 -1986.830176
247.000000 -1986.830176
248.000000 -1986.830176
249.000000 -1986.830176
250.000000 -1986.830176
251.000000 -1986.830176
252.000000 -1986.830176
253.000000 -1986.830176
254.000000 -1986.830176
255.000000 -1986.830176
256.000000 -1857.979058
257.000000 -1857.979058
258.000000 -1857.979058
259.000000 -1857.979058
260.000000 -1857.979058
261.000000 -1857.979058
262.000000 -1857.979058
263.000000 -1843.985566
264.000000 -1837.071115
265.000000 -1845.952178
266.000000 -1857.027074
267.000000 -1851.450219
268.000000 -1811.622200
269.000000 -1727.182659
270.000000 -1602.413916
271.000000 -1473.460987
272.000000 -1346.838388
273.000000 -1225.536650
274.000000 -1117.610616
275.000000 -1031.484649
276.000000 -982.094256
277.000000 -1026.448437
278.000000 -1110.622013
279.000000 -1217.287168
280.000000 -1337.895343
281.000000 -1464.417639
282.000000 -1592.607689
283.000000 -1719.424788
284.000000 -1807.122391
285.000000 -1849.919381
286.000000 -2259.287681
287.000000 -2247.530711
288.000000 -2237.005413
289.000000 -2243.422738
290.000000 -2259.971903
291.000000 -2259.971903
292.000000 -2259.971903
293.000000 -2259.971903
294.000000 -2259.971903
295.000000 -2259.971903
296.000000 -2259.971903
297.000000 -2259.971903
298.000000 -2259.971903
299.000000 -2259.971903
300.000000 -2259.971903
301.000000 -2259.971903
302.000000 -2259.971903
303.000000 -2259.971903
304.000000 -2259.971903
305.000000 -2259.971903
306.000000 -2259.971903
307.000000 -2259.971903
308.000000 -2257.624378
309.000000 -2245.614167
310.000000 -2255.427250
311.000000 -2256.631391
312.000000 -2207.881127
313.000000 -2088.463362
314.000000 -1941.910427
315.000000 -1789.766570
316.000000 -1922.854153
317.000000 -1794.358613
318.000000 -1724.388567
319.000000 -1801.630960
320.000000 -1932.538142
321.000000 -2088.144779
322.000000 -2249.169359
323.000000 -2403.776601
324.000000 -2524.973260
325.000000 -2571.710297
326.000000 -2568.463525
327.000000 -2559.028314
328.000000 -2566.628390
329.000000 -2572.554542
330.000000 -2554.460565
331.000000 -2438.766663
332.000000 -2280.948407
333.000000 -2111.443156
334.000000 -1967.905113
335.000000 -1930.056991
336.000000 -2051.185277
337.000000 -2215.439345
338.000000 -2381.967328
339.000000 -2487.528684
340.000000 -2349.771714
341.000000 -2175.610873
342.000000 -2044.008541
343.000000 -2107.991166
344.000000 -2255.675476
345.000000 -2267.255665
346.000000 -1271.925217
347.000000 -1287.625011
348.000000 -1327.328787
349.000000 -1281.310859
350.000000 -1312.532821
351.000000 -1298.637747
352.000000 -1289.027844
353.000000 -1301.740313
354.000000 -1333.365727
355.000000 -1229.189226
356.000000 -1082.035006
357.000000 -916.467780
358.000000 -732.550485
359.000000 -541.402815
