0.000000 26961.568446
1.000000 31355.242897
2.000000 38918.442266
3.000000 47048.581535
4.000000 54832.137799
5.000000 62447.957569
6.000000 69302.197848
7.000000 74269.134082
8.000000 76566.677215
9.000000 77046.055927
10.000000 76176.034581
11.000000 74897.664199
12.000000 74137.121799
13.000000 73968.970270
14.000000 71111.021324
15.000000 72241.545589
16.000000 55493.052878
17.000000 54634.156433
18.000000 50855.764419
19.000000 47696.559031
20.000000 51007.458564
21.000000 54573.498069
22.000000 55967.209672
23.000000 56596.754338
24.000000 55423.964506
25.000000 52916.982960
26.000000 48083.142876
27.000000 43004.253056
28.000000 41508.208923
29.000000 45521.402668
30.000000 50995.530158
31.000000 54643.420346
32.000000 56825.503004
33.000000 56686.643536
34.000000 55178.175455
35.000000 52060.237777
36.000000 51960.491614
37.000000 55136.067661
38.000000 56252.182632
39.000000 55973.251258
40.000000 57491.615918
41.000000 57969.724635
42.000000 57427.173215
43.000000 54302.084646
44.000000 50331.945240
45.000000 44984.383018
46.000000 36537.833501
47.000000 31522.064495
48.000000 28491.908559
49.000000 30983.109974
50.000000 35890.846809
51.000000 40678.645012
52.000000 45970.725144
53.000000 50069.408311
54.000000 53012.691183
55.000000 53910.966285
56.000000 53650.496684
57.000000 52271.816082
58.000000 52458.335480
59.000000 51705.118983
60.000000 48807.337216
61.000000 48271.002188
62.000000 51239.579989
63.000000 53027.356801
64.000000 53251.992874
65.000000 51640.792960
66.000000 48137.250924
67.000000 43235.432023
68.000000 39689.378751
69.000000 40317.839327
70.000000 44203.696192
71.000000 49132.005596
72.000000 52170.210668
73.000000 53289.304905
74.000000 52885.835621
75.000000 51876.656448
76.000000 53395.200596
77.000000 50181.902163
78.000000 52445.048503
79.000000 56187.911659
80.000000 57670.822225
81.000000 56362.238076
82.000000 55364.329746
83.000000 57095.609405
84.000000 57471.521081
85.000000 58063.206705
86.000000 59302.695936
87.000000 60225.706970
88.000000 60034.258391
89.000000 57749.735554
90.000000 52962.291540
91.000000 47742.308713
92.000000 41906.223741
93.000000 36359.174518
94.000000 30560.852000
95.000000 25288.626171
96.000000 21837.961454
97.000000 24741.044555
98.000000 29810.617195
99.000000 35694.382359
100.000000 41129.908266
101.000000 47089.016561
102.000000 52304.419451
103.000000 57110.976636
104.000000 59558.816447
105.000000 59820.808849
106.000000 84768.153964
107.000000 82817.882564
108.000000 82522.796260
109.000000 80815.223818
110.000000 80353.141104
111.000000 82233.563869
112.000000 81007.906973
113.000000 76290.796883
114.000000 73798.665504
115.000000 78289.712536
116.000000 82169.433643
117.000000 83078.902106
118.000000 81672.494321
119.000000 77480.397398
120.000000 70460.962967
121.000000 64575.521974
122.000000 66281.141860
123.000000 73117.958139
124.000000 79212.308645
125.000000 82339.881411
126.000000 82458.261935
127.000000 79368.300492
128.000000 77121.438168
129.000000 80472.109687
130.000000 82437.563276
131.000000 83268.743516
132.000000 83538.073026
133.000000 81103.601221
134.000000 76200.108928
135.000000 69289.553891
136.000000 67383.209850
137.000000 58725.726736
138.000000 53236.576950
139.000000 58664.006315
140.000000 67290.108795
141.000000 76577.689125
142.000000 83654.010690
143.000000 88914.512123
144.000000 91213.100443
145.000000 90623.184488
146.000000 89761.422348
147.000000 87713.315452
148.000000 84002.292184
149.000000 86301.052024
150.000000 89548.600611
151.000000 89451.292924
152.000000 86211.962010
153.000000 79949.335788
154.000000 71969.362379
155.000000 69636.659296
156.000000 76767.196074
157.000000 84061.015438
158.000000 88338.329511
159.000000 89588.340656
160.000000 88581.899877
161.000000 84614.135855
162.000000 79337.321960
163.000000 82055.768188
164.000000 87342.627826
165.000000 88473.382687
166.000000 93946.989842
167.000000 94536.886439
168.000000 96897.936591
169.000000 96799.257514
170.000000 98974.483341
171.000000 99498.563513
172.000000 99325.340188
173.000000 96970.266895
174.000000 91259.860247
175.000000 83240.336404
176.000000 73864.680107
177.000000 62840.235468
178.000000 52366.802527
179.000000 42390.405683
180.000000 36439.142179
181.000000 42365.223317
182.000000 52333.819817
183.000000 62803.662479
184.000000 73834.857428
185.000000 83230.129025
186.000000 91412.807708
187.000000 97280.306073
188.000000 99771.350688
189.000000 100156.725139
190.000000 99179.764761
191.000000 97749.887227
192.000000 96943.418622
193.000000 96711.357483
194.000000 93427.791612
195.000000 94693.815959
196.000000 105319.869054
197.000000 103996.033304
198.000000 98056.673890
199.000000 93131.908891
200.000000 98293.992189
201.000000 103913.619190
202.000000 105919.326049
203.000000 106650.046266
204.000000 105399.217077
205.000000 101397.652239
206.000000 93558.463364
207.000000 84931.647830
208.000000 82056.798033
209.000000 89510.279879
210.000000 98286.299032
211.000000 104192.465630
212.000000 107079.168798
213.000000 106890.363408
214.000000 104609.067965
215.000000 99810.764164
216.000000 99646.539752
217.000000 104527.308773
218.000000 106294.157742
219.000000 105609.717047
220.000000 107799.206826
221.000000 108529.827156
222.000000 108012.932789
223.000000 103807.466232
224.000000 97337.954056
225.000000 88408.368985
226.000000 69661.389124
227.000000 60810.491645
228.000000 54934.950263
229.000000 59784.140674
230.000000 68337.641650
231.000000 78177.668650
232.000000 86703.728380
233.000000 93480.486365
234.000000 98242.113079
235.000000 99358.774193
236.000000 98822.391024
237.000000 96781.198525
238.000000 97152.782855
239.000000 95878.893618
240.000000 91432.692542
241.000000 90640.037670
242.000000 95177.076361
243.000000 98010.187746
244.000000 98462.626339
245.000000 95896.279093
246.000000 90236.674532
247.000000 82479.835297
248.000000 75692.077463
249.000000 76900.048242
250.000000 84171.681049
251.000000 91848.194028
252.000000 96778.843648
253.000000 98477.744444
254.000000 97825.808476
255.000000 96211.214322
256.000000 84180.308200
257.000000 79776.181617
258.000000 82885.095790
259.000000 88139.898647
260.000000 90320.067681
261.000000 88311.143863
262.000000 86967.791201
263.000000 89344.868740
264.000000 89907.472776
265.000000 90594.385264
266.000000 92311.489804
267.000000 93505.710822
268.000000 93462.452566
269.000000 90849.894512
270.000000 83912.916721
271.000000 76112.694413
272.000000 67560.718473
273.000000 58208.722138
274.000000 49129.917065
275.000000 41029.878824
276.000000 35903.333477
277.000000 40192.593551
278.000000 47959.940962
279.000000 57142.973294
280.000000 66406.343502
281.000000 75165.047939
282.000000 82875.486208
283.000000 90031.562617
284.000000 92886.617086
285.000000 92983.857940
286.000000 113309.317740
287.000000 111259.291745
288.000000 111096.332366
289.000000 109240.915014
290.000000 108708.147931
291.000000 110823.315250
292.000000 109474.059765
293.000000 104158.772551
294.000000 101366.866703
295.000000 106402.775172
296.000000 110770.941079
297.000000 111561.358549
298.000000 110271.486259
299.000000 105513.341742
300.000000 97431.200964
301.000000 90234.670625
302.000000 92356.947421
303.000000 100480.484461
304.000000 107535.297398
305.000000 110855.581426
306.000000 111028.570081
307.000000 107535.372191
308.000000 105029.907610
309.000000 108788.234394
310.000000 110917.645232
311.000000 111713.990717
312.000000 112113.510608
313.000000 109650.730563
314.000000 104160.493561
315.000000 95981.342687
316.000000 99594.259341
317.000000 87763.096286
318.000000 79949.412960
319.000000 87650.781013
320.000000 99478.943546
321.000000 110454.044560
322.000000 118537.341130
323.000000 123826.137831
324.000000 125709.444406
325.000000 124926.651435
326.000000 124327.830152
327.000000 122340.048008
328.000000 118379.231689
329.000000 120808.097912
330.000000 124146.311177
331.000000 124294.674858
332.000000 121058.407804
333.000000 114236.026240
334.000000 105116.150996
335.000000 102206.333089
336.000000 110590.162923
337.000000 118849.938184
338.000000 123190.996182
339.000000 124239.617956
340.000000 123332.822706
341.000000 119302.417396
342.000000 113530.273086
343.000000 116519.448825
344.000000 122093.375462
345.000000 123233.144624
346.000000 71575.278033
347.000000 72075.674045
348.000000 74113.333277
349.000000 74043.409227
350.000000 76000.150108
351.000000 76436.583388
352.000000 76173.513776
353.000000 73996.514094
354.000000 69167.567148
355.000000 62455.430680
356.000000 54853.285035
357.000000 47073.712961
358.000000 38940.656821
359.000000 31375.327537
