0.000000 201.108205
1.000000 280.051669
2.000000 408.096933
3.000000 529.553267
4.000000 641.881769
5.000000 749.357832
6.000000 837.552924
7.000000 815.282640
8.000000 793.892488
9.000000 802.665727
10.000000 801.817989
11.000000 794.309077
12.000000 801.746737
13.000000 811.833602
14.000000 702.026589
15.000000 733.856381
16.000000 578.639838
17.000000 585.167405
18.000000 522.401714
19.000000 449.201225
20.000000 523.730243
21.000000 564.196907
22.000000 573.048051
23.000000 578.699870
24.000000 576.306124
25.000000 588.631622
26.000000 508.579566
27.000000 396.041292
28.000000 358.389786
29.000000 453.944225
30.000000 562.792397
31.000000 575.948189
32.000000 579.507399
33.000000 568.965425
34.000000 554.178063
35.000000 499.050907
36.000000 498.059189
37.000000 564.607747
38.000000 563.509025
39.000000 521.955532
40.000000 579.475867
41.000000 576.983123
42.000000 578.780584
43.000000 564.155141
44.000000 565.989252
45.000000 494.006271
46.000000 371.149965
47.000000 270.996781
48.000000 203.577364
49.000000 262.761013
50.000000 363.380231
51.000000 448.028673
52.000000 534.700280
53.000000 571.750141
54.000000 540.375345
55.000000 532.130142
56.000000 546.528040
57.000000 519.386067
58.000000 561.544094
59.000000 559.014827
60.000000 466.195270
61.000000 451.521050
62.000000 539.365528
63.000000 552.145512
64.000000 555.181584
65.000000 593.163843
66.000000 537.465279
67.000000 434.236119
68.000000 349.661217
69.000000 367.088828
70.000000 456.105400
71.000000 560.386359
72.000000 605.570541
73.000000 555.603485
74.000000 548.169438
75.000000 571.512564
76.000000 545.984678
77.000000 456.962664
78.000000 523.507979
79.000000 628.714482
80.000000 657.385561
81.000000 590.245706
82.000000 559.790835
83.000000 609.958451
84.000000 598.290857
85.000000 587.377609
86.000000 598.229767
87.000000 628.350441
88.000000 715.366181
89.000000 714.021760
90.000000 640.283028
91.000000 565.487659
92.000000 480.496844
93.000000 399.032387
94.000000 307.008434
95.000000 217.598599
96.000000 153.332480
97.000000 210.737680
98.000000 298.184622
99.000000 391.645023
100.000000 471.950149
101.000000 558.312417
102.000000 633.070194
103.000000 706.443926
104.000000 694.804423
105.000000 612.417631
106.000000 882.667665
107.000000 856.209502
108.000000 894.594001
109.000000 861.747729
110.000000 847.438375
111.000000 932.629285
112.000000 925.356566
113.000000 827.277618
114.000000 784.422121
115.000000 873.785780
116.000000 987.514124
117.000000 1081.809436
118.000000 1008.574343
119.000000 899.345843
120.000000 789.649892
121.000000 705.553838
122.000000 733.073086
123.000000 831.785582
124.000000 943.044996
125.000000 1048.794977
126.000000 1125.166289
127.000000 1136.019358
128.000000 1132.478195
129.000000 1127.367199
130.000000 1133.194126
131.000000 1135.979689
132.000000 1106.842169
133.000000 1027.288131
134.000000 925.587933
135.000000 820.246904
136.000000 802.796674
137.000000 706.774103
138.000000 654.894166
139.000000 696.356675
140.000000 789.481512
141.000000 897.399498
142.000000 1008.250339
143.000000 1117.999012
144.000000 1205.313266
145.000000 1240.901614
146.000000 1240.637890
147.000000 1233.555354
148.000000 1241.587312
149.000000 1243.579853
150.000000 1243.579853
151.000000 1243.579853
152.000000 1243.579853
153.000000 1243.579853
154.000000 1243.579853
155.000000 1243.579853
156.000000 1243.579853
157.000000 1243.579853
158.000000 1243.579853
159.000000 1243.579853
160.000000 1243.579853
161.000000 1243.579853
162.000000 1243.579853
163.000000 1243.579853
164.000000 1243.579853
165.000000 1243.579853
166.000000 1347.219697
167.000000 1336.458861
168.000000 1331.950937
169.000000 1338.803685
170.000000 1346.696262
171.000000 1341.792388
172.000000 1311.100468
173.000000 1243.334761
174.000000 1139.567841
175.000000 1028.643340
176.000000 919.772032
177.000000 814.846305
178.000000 716.625213
179.000000 645.282045
180.000000 607.219365
181.000000 645.282045
182.000000 716.625213
183.000000 814.846305
184.000000 919.772032
185.000000 1028.643340
186.000000 1139.567841
187.000000 1243.334761
188.000000 1311.100468
189.000000 1341.792388
190.000000 1346.696262
191.000000 1338.803685
192.000000 1331.950937
193.000000 1336.458861
194.000000 1347.219697
195.000000 1347.219697
196.000000 1440.740395
197.000000 1440.740395
198.000000 1440.740395
199.000000 1440.740395
200.000000 1440.740395
201.000000 1440.740395
202.000000 1440.740395
203.000000 1440.740395
204.000000 1440.740395
205.000000 1440.740395
206.000000 1440.740395
207.000000 1440.740395
208.000000 1440.740395
209.000000 1440.740395
210.000000 1440.740395
211.000000 1440.740395
212.000000 1440.740395
213.000000 1440.740395
214.000000 1440.740395
215.000000 1440.740395
216.000000 1440.740395
217.000000 1440.740395
218.000000 1430.628587
219.000000 1433.487948
220.000000 1440.650163
221.000000 1429.328302
222.000000 1379.226464
223.000000 1284.908259
224.000000 1175.001655
225.000000 1056.645175
226.000000 824.194559
227.000000 731.857470
228.000000 679.041850
229.000000 728.059513
230.000000 819.284727
231.000000 925.739386
232.000000 1040.192621
233.000000 1151.492338
234.000000 1253.002021
235.000000 1308.065603
236.000000 1321.012012
237.000000 1314.121122
238.000000 1310.585917
239.000000 1320.916759
240.000000 1321.033902
241.000000 1321.033902
242.000000 1321.033902
243.000000 1321.033902
244.000000 1321.033902
245.000000 1321.033902
246.000000 1321.033902
247.000000 1321.033902
248.000000 1321.033902
249.000000 1321.033902
250.000000 1321.033902
251.000000 1321.033902
252.000000 1321.033902
253.000000 1321.033902
254.000000 1321.033902
255.000000 1321.033902
256.000000 1231.762800
257.000000 1231.762800
258.000000 1231.762800
259.000000 1231.762800
260.000000 1231.762800
261.000000 1231.762800
262.000000 1231.762800
263.000000 1220.908259
264.000000 1215.741387
265.000000 1222.650772
266.000000 1231.080846
267.000000 1226.605747
268.000000 1195.559666
269.000000 1128.703858
270.000000 1026.594122
271.000000 922.181129
272.000000 818.963973
273.000000 714.683123
274.000000 630.758139
275.000000 564.331386
276.000000 524.794412
277.000000 560.350248
278.000000 625.480049
279.000000 707.379044
280.000000 811.465764
281.000000 914.983585
282.000000 1018.390059
283.000000 1122.474945
284.000000 1192.037385
285.000000 1225.412447
286.000000 1492.690571
287.000000 1485.046188
288.000000 1478.093363
289.000000 1482.204225
290.000000 1493.111985
291.000000 1493.111985
292.000000 1493.111985
293.000000 1493.111985
294.000000 1493.111985
295.000000 1493.111985
296.000000 1493.111985
297.000000 1493.111985
298.000000 1493.111985
299.000000 1493.111985
300.000000 1493.111985
301.000000 1493.111985
302.000000 1493.111985
303.000000 1493.111985
304.000000 1493.111985
305.000000 1493.111985
306.000000 1493.111985
307.000000 1493.111985
308.000000 1491.587195
309.000000 1483.687191
310.000000 1490.122830
311.000000 1490.936672
312.000000 1458.818800
313.000000 1378.247780
314.000000 1274.404952
315.000000 1156.867143
316.000000 1243.173000
317.000000 1143.360900
318.000000 1087.236061
319.000000 1149.120008
320.000000 1250.534051
321.000000 1362.429422
322.000000 1470.880191
323.000000 1570.765917
324.000000 1633.250758
325.000000 1654.057595
326.000000 1652.605631
327.000000 1648.420371
328.000000 1651.807041
329.000000 1654.407743
330.000000 1646.468593
331.000000 1592.917646
332.000000 1491.678915
333.000000 1378.178826
334.000000 1276.788174
335.000000 1248.150074
336.000000 1336.528858
337.000000 1448.430896
338.000000 1556.934513
339.000000 1616.556591
340.000000 1536.260538
341.000000 1421.587375
342.000000 1331.248437
343.000000 1375.588754
344.000000 1475.037687
345.000000 1482.611534
346.000000 772.960244
347.000000 786.697406
348.000000 820.004616
349.000000 781.175005
350.000000 807.177357
351.000000 795.653124
352.000000 788.485488
353.000000 799.601959
354.000000 829.518074
355.000000 749.305934
356.000000 641.881769
357.000000 529.553267
358.000000 408.096933
359.000000 280.051669
