0.000000 65202.666664
1.000000 65202.666664
2.000000 65202.666664
3.000000 65202.666664
4.000000 65202.666664
5.000000 65202.666664
6.000000 65202.666664
7.000000 65202.666664
8.000000 65202.666664
9.000000 65202.666664
10.000000 65202.666664
11.000000 65202.666664
12.000000 65202.666664
13.000000 65202.666664
14.000000 65202.666664
15.000000 65202.666664
16.000000 65202.666664
17.000000 65202.666664
18.000000 65202.666664
19.000000 65202.666664
20.000000 65202.666664
21.000000 65202.666664
22.000000 65202.666664
23.000000 65202.666664
24.000000 65202.666664
25.000000 65202.666664
26.000000 65202.666664
27.000000 65202.666664
28.000000 65202.666664
29.000000 65202.666664
30.000000 65202.666664
31.000000 65202.666664
32.000000 65202.666664
33.000000 65202.666664
34.000000 65202.666664
35.000000 65202.666664
36.000000 65202.666664
37.000000 65202.666664
38.000000 65202.666664
39.000000 65202.666664
40.000000 65202.666664
41.000000 65202.666664
42.000000 65202.666664
43.000000 65202.666664
44.000000 65202.666664
45.000000 65202.666664
46.000000 65202.666664
47.000000 65202.666664
48.000000 65202.666664
49.000000 65202.666664
50.000000 65202.666664
51.000000 65202.666664
52.000000 65202.666664
53.000000 65202.666664
54.000000 65202.666664
55.000000 65202.666664
56.000000 65202.666664
57.000000 65202.666664
58.000000 65202.666664
59.000000 65202.666664
60.000000 65202.666664
61.000000 65202.666664
62.000000 65202.666664
63.000000 65202.666664
64.000000 65202.666664
65.000000 65202.666664
66.000000 65202.666664
67.000000 65202.666664
68.000000 65202.666664
69.000000 65202.666664
70.000000 65202.666664
71.000000 65202.666664
72.000000 65202.666664
73.000000 65202.666664
74.000000 65202.666664
75.000000 65202.666664
76.000000 65202.666664
77.000000 65202.666664
78.000000 65202.666664
79.000000 65202.666664
80.000000 65202.666664
81.000000 65202.666664
82.000000 65202.666664
83.000000 65202.666664
84.000000 65202.666664
85.000000 65202.666664
86.000000 65202.666664
87.000000 65202.666664
88.000000 65202.666664
89.000000 65202.666664
90.000000 65202.666664
91.000000 65202.666664
92.000000 65202.666664
93.000000 65202.666664
94.000000 65202.666664
95.000000 65202.666664
96.000000 65202.666664
97.000000 65202.666664
98.000000 65202.666664
99.000000 65202.666664
100.000000 65202.666664
101.000000 65202.666664
102.000000 65202.666664
103.000000 65202.666664
104.000000 65202.666664
105.000000 65202.666664
106.000000 65202.666664
107.000000 65202.666664
108.000000 65202.666664
109.000000 65202.666664
110.000000 65202.666664
111.000000 65202.666664
112.000000 65202.666664
113.000000 65202.666664
114.000000 65202.666664
115.000000 65202.666664
116.000000 65202.666664
117.000000 65202.666664
118.000000 65202.666664
119.000000 65202.666664
120.000000 65202.666664
121.000000 65202.666664
122.000000 65202.666664
123.000000 65202.666664
124.000000 65202.666664
125.000000 65202.666664
126.000000 65202.666664
127.000000 65202.666664
128.000000 65202.666664
129.000000 65202.666664
130.000000 65202.666664
131.000000 65202.666664
132.000000 65202.666664
133.000000 65202.666664
134.000000 65202.666664
135.000000 65202.666664
136.000000 65202.666664
137.000000 65202.666664
138.000000 65202.666664
139.000000 65202.666664
140.000000 65202.666664
141.000000 65202.666664
142.000000 65202.666664
143.000000 65202.666664
144.000000 65202.666664
145.000000 65202.666664
146.000000 65202.666664
147.000000 65202.666664
148.000000 65202.666664
149.000000 65202.666664
150.000000 65202.666664
151.000000 65202.666664
152.000000 65202.666664
153.000000 65202.666664
154.000000 65202.666664
155.000000 65202.666664
156.000000 65202.666664
157.000000 65202.666664
158.000000 65202.666664
159.000000 65202.666664
160.000000 65202.666664
161.000000 65202.666664
162.000000 65202.666664
163.000000 65202.666664
164.000000 65202.666664
165.000000 65202.666664
166.000000 65202.666664
167.000000 65202.666664
168.000000 65202.666664
169.000000 65202.666664
170.000000 65202.666664
171.000000 65202.666664
172.000000 65202.666664
173.000000 65202.666664
174.000000 65202.666664
175.000000 65202.666664
176.000000 65202.666664
177.000000 65202.666664
178.000000 65202.666664
179.000000 65202.666664
180.000000 65202.666664
181.000000 65202.666664
182.000000 65202.666664
183.000000 65202.666664
184.000000 65202.666664
185.000000 65202.666664
186.000000 65202.666664
187.000000 65202.666664
188.000000 65202.666664
189.000000 65202.666664
190.000000 65202.666664
191.000000 65202.666664
192.000000 65202.666664
193.000000 65202.666664
194.000000 65202.666664
195.000000 65202.666664
196.000000 65202.666664
197.000000 65202.666664
198.000000 65202.666664
199.000000 65202.666664
200.000000 65202.666664
201.000000 65202.666664
202.000000 65202.666664
203.000000 65202.666664
204.000000 65202.666664
205.000000 65202.666664
206.000000 65202.666664
207.000000 65202.666664
208.000000 65202.666664
209.000000 65202.666664
210.000000 65202.666664
211.000000 65202.666664
212.000000 65202.666664
213.000000 65202.666664
214.000000 65202.666664
215.000000 65202.666664
216.000000 65202.666664
217.000000 65202.666664
218.000000 65202.666664
219.000000 65202.666664
220.000000 65202.666664
221.000000 65202.666664
222.000000 65202.666664
223.000000 65202.666664
224.000000 65202.666664
225.000000 65202.666664
226.000000 65202.666664
227.000000 65202.666664
228.000000 65202.666664
229.000000 65202.666664
230.000000 65202.666664
231.000000 65202.666664
232.000000 65202.666664
233.000000 65202.666664
234.000000 65202.666664
235.000000 65202.666664
236.000000 65202.666664
237.000000 65202.666664
238.000000 65202.666664
239.000000 65202.666664
240.000000 65202.666664
241.000000 65202.666664
242.000000 65202.666664
243.000000 65202.666664
244.000000 65202.666664
245.000000 65202.666664
246.000000 65202.666664
247.000000 65202.666664
248.000000 65202.666664
249.000000 65202.666664
250.000000 65202.666664
251.000000 65202.666664
252.000000 65202.666664
253.000000 65202.666664
254.000000 65202.666664
255.000000 65202.666664
256.000000 65202.666664
257.000000 65202.666664
258.000000 65202.666664
259.000000 65202.666664
260.000000 65202.666664
261.000000 65202.666664
262.000000 65202.666664
263.000000 65202.666664
264.000000 65202.666664
265.000000 65202.666664
266.000000 65202.666664
267.000000 65202.666664
268.000000 65202.666664
269.000000 65202.666664
270.000000 65202.666664
271.000000 65202.666664
272.000000 65202.666664
273.000000 65202.666664
274.000000 65202.666664
275.000000 65202.666664
276.000000 65202.666664
277.000000 65202.666664
278.000000 65202.666664
279.000000 65202.666664
280.000000 65202.666664
281.000000 65202.666664
282.000000 65202.666664
283.000000 65202.666664
284.000000 65202.666664
285.000000 65202.666664
286.000000 65202.666664
287.000000 65202.666664
288.000000 65202.666664
289.000000 65202.666664
290.000000 65202.666664
291.000000 65202.666664
292.000000 65202.666664
293.000000 65202.666664
294.000000 65202.666664
295.000000 65202.666664
296.000000 65202.666664
297.000000 65202.666664
298.000000 65202.666664
299.000000 65202.666664
300.000000 65202.666664
301.000000 65202.666664
302.000000 65202.666664
303.000000 65202.666664
304.000000 65202.666664
305.000000 65202.666664
306.000000 65202.666664
307.000000 65202.666664
308.000000 65202.666664
309.000000 65202.666664
310.000000 65202.666664
311.000000 65202.666664
312.000000 65202.666664
313.000000 65202.666664
314.000000 65202.666664
315.000000 65202.666664
316.000000 65202.666664
317.000000 65202.666664
318.000000 65202.666664
319.000000 65202.666664
320.000000 65202.666664
321.000000 65202.666664
322.000000 65202.666664
323.000000 65202.666664
324.000000 65202.666664
325.000000 65202.666664
326.000000 65202.666664
327.000000 65202.666664
328.000000 65202.666664
329.000000 65202.666664
330.000000 65202.666664
331.000000 65202.666664
332.000000 65202.666664
333.000000 65202.666664
334.000000 65202.666664
335.000000 65202.666664
336.000000 65202.666664
337.000000 65202.666664
338.000000 65202.666664
339.000000 65202.666664
340.000000 65202.666664
341.000000 65202.666664
342.000000 65202.666664
343.000000 65202.666664
344.000000 65202.666664
345.000000 65202.666664
346.000000 65202.666664
347.000000 65202.666664
348.000000 65202.666664
349.000000 65202.666664
350.000000 65202.666664
351.000000 65202.666664
352.000000 65202.666664
353.000000 65202.666664
354.000000 65202.666664
355.000000 65202.666664
356.000000 65202.666664
357.000000 65202.666664
358.000000 65202.666664
359.000000 65202.666664
