0.000000 26564.020320
1.000000 31071.522590
2.000000 39122.690041
3.000000 47802.098601
4.000000 55849.854413
5.000000 63614.518591
6.000000 70227.076641
7.000000 74964.833119
8.000000 77144.498924
9.000000 77584.419727
10.000000 76772.963554
11.000000 75589.456914
12.000000 74872.071768
13.000000 74696.267723
14.000000 72054.825892
15.000000 73097.752854
16.000000 55854.438038
17.000000 55004.918692
18.000000 51327.382932
19.000000 48221.668337
20.000000 51475.175161
21.000000 54947.374129
22.000000 56329.249161
23.000000 56932.419006
24.000000 55794.657427
25.000000 53301.316812
26.000000 48512.789798
27.000000 43426.356682
28.000000 41848.186681
29.000000 45961.205260
30.000000 51401.461179
31.000000 55000.161385
32.000000 57138.076487
33.000000 57013.516781
34.000000 55533.288183
35.000000 52526.949086
36.000000 52431.617499
37.000000 55489.260113
38.000000 56586.793050
39.000000 56331.713663
40.000000 57775.165855
41.000000 58243.203318
42.000000 57716.728746
43.000000 54654.723420
44.000000 50721.696924
45.000000 45340.433382
46.000000 36555.006016
47.000000 31406.706603
48.000000 28360.475841
49.000000 30880.040814
50.000000 35880.771535
51.000000 40889.044248
52.000000 46257.696247
53.000000 50352.797672
54.000000 53246.080555
55.000000 54132.347748
56.000000 53888.013758
57.000000 52583.945797
58.000000 52735.608195
59.000000 51990.849873
60.000000 49203.806904
61.000000 48672.061744
62.000000 51543.813299
63.000000 53279.903881
64.000000 53491.150078
65.000000 51908.830327
66.000000 48451.711538
67.000000 43586.188100
68.000000 39980.913059
69.000000 40608.370219
70.000000 44559.109502
71.000000 49431.509491
72.000000 52427.122746
73.000000 53537.382902
74.000000 53149.661906
75.000000 52153.292076
76.000000 53855.404625
77.000000 50774.335388
78.000000 52945.763651
79.000000 56536.052842
80.000000 57974.588324
81.000000 56761.502211
82.000000 55830.455060
83.000000 57447.342099
84.000000 57808.058516
85.000000 58371.093451
86.000000 59543.204738
87.000000 60429.389317
88.000000 60265.591857
89.000000 58087.607889
90.000000 53362.350589
91.000000 48140.476834
92.000000 42193.347586
93.000000 36339.829065
94.000000 30158.206550
95.000000 24870.574727
96.000000 21489.863107
97.000000 24316.369161
98.000000 29360.093585
99.000000 35633.797204
100.000000 41394.620212
101.000000 47479.781768
102.000000 52710.871101
103.000000 57478.579689
104.000000 59817.240581
105.000000 60049.500569
106.000000 85258.394537
107.000000 83467.685262
108.000000 83185.409672
109.000000 81628.735018
110.000000 81213.156219
111.000000 82903.907482
112.000000 81743.783839
113.000000 77391.588367
114.000000 75095.356613
115.000000 79233.607414
116.000000 82855.357157
117.000000 83697.493366
118.000000 82379.372259
119.000000 78410.890061
120.000000 71838.975022
121.000000 66143.156533
122.000000 67754.266292
123.000000 74325.118415
124.000000 80041.583011
125.000000 83003.363517
126.000000 83121.226606
127.000000 80253.342741
128.000000 78186.110851
129.000000 81265.087980
130.000000 83107.205737
131.000000 83884.601030
132.000000 84129.393893
133.000000 81846.922023
134.000000 77181.233200
135.000000 70601.986661
136.000000 69357.022306
137.000000 60544.526045
138.000000 54825.821882
139.000000 60479.623320
140.000000 69267.073467
141.000000 78109.773372
142.000000 84896.579835
143.000000 89795.781479
144.000000 91942.630484
145.000000 91399.608809
146.000000 90621.608138
147.000000 88720.475658
148.000000 85268.193508
149.000000 87374.822689
150.000000 90424.271482
151.000000 90310.410633
152.000000 87305.097037
153.000000 81370.033907
154.000000 73907.409953
155.000000 71608.256084
156.000000 78395.570250
157.000000 85288.393028
158.000000 89280.181932
159.000000 90439.071871
160.000000 89531.759535
161.000000 85810.690150
162.000000 80932.062736
163.000000 83430.038090
164.000000 88363.814761
165.000000 89418.234001
166.000000 95219.694920
167.000000 95775.503682
168.000000 97920.191120
169.000000 97851.909637
170.000000 99805.759811
171.000000 100293.336736
172.000000 100166.188405
173.000000 98028.319671
174.000000 92725.742109
175.000000 85180.734706
176.000000 76004.330240
177.000000 65289.288577
178.000000 54026.411109
179.000000 43176.539467
180.000000 36819.657757
181.000000 43146.037351
182.000000 53990.908830
183.000000 65253.444773
184.000000 75975.312254
185.000000 85170.320787
186.000000 92863.839531
187.000000 98308.761409
188.000000 100567.013403
189.000000 100885.821013
190.000000 99992.186292
191.000000 98702.661428
192.000000 97979.177101
193.000000 97744.644388
194.000000 94728.705966
195.000000 95905.417168
196.000000 106201.569187
197.000000 105013.153997
198.000000 99570.722347
199.000000 94948.208958
200.000000 99788.641133
201.000000 104941.193832
202.000000 106741.691604
203.000000 107401.065276
204.000000 106285.331639
205.000000 102659.319047
206.000000 95413.113213
207.000000 87241.893450
208.000000 84510.535256
209.000000 91553.402470
210.000000 99790.866108
211.000000 105222.853012
212.000000 107794.733000
213.000000 107625.336042
214.000000 105561.794387
215.000000 101166.278009
216.000000 101014.961612
217.000000 105484.855493
218.000000 107086.487616
219.000000 106458.590873
220.000000 108455.262446
221.000000 109115.812056
222.000000 108661.715355
223.000000 104911.656016
224.000000 98937.578535
225.000000 90594.988891
226.000000 71924.054861
227.000000 62859.485286
228.000000 56842.919277
229.000000 61833.191627
230.000000 70641.943748
231.000000 80047.526497
232.000000 88253.521240
233.000000 94558.819167
234.000000 98953.121659
235.000000 99975.588318
236.000000 99486.110574
237.000000 97652.869289
238.000000 97967.828195
239.000000 96788.618712
240.000000 92724.344651
241.000000 91979.089913
242.000000 96154.297610
243.000000 98739.847067
244.000000 99149.723765
245.000000 96786.836431
246.000000 91570.789969
247.000000 84251.027507
248.000000 77927.264180
249.000000 79072.528560
250.000000 85846.323355
251.000000 93053.587841
252.000000 97597.258244
253.000000 99174.056401
254.000000 98578.894126
255.000000 97088.051642
256.000000 85325.415238
257.000000 81295.951052
258.000000 84141.217579
259.000000 89026.713564
260.000000 91032.826002
261.000000 89179.149362
262.000000 87971.234511
263.000000 90184.637429
264.000000 90657.056818
265.000000 91272.340704
266.000000 92859.956369
267.000000 93960.979789
268.000000 93942.665509
269.000000 91534.572489
270.000000 85087.632507
271.000000 77575.530949
272.000000 69355.932567
273.000000 59850.993305
274.000000 50336.252418
275.000000 41646.209363
276.000000 36329.168607
277.000000 40738.379074
278.000000 49110.524450
279.000000 58759.320568
280.000000 68241.321185
281.000000 76668.930905
282.000000 84117.061475
283.000000 90781.262568
284.000000 93412.365946
285.000000 93485.587715
286.000000 113806.496883
287.000000 111929.013592
288.000000 111778.429985
289.000000 110087.211359
290.000000 109589.123920
291.000000 111523.933801
292.000000 110338.057132
293.000000 105479.974119
294.000000 102906.914806
295.000000 107545.180915
296.000000 111492.362653
297.000000 112202.687700
298.000000 111043.447315
299.000000 106797.227712
300.000000 99331.983784
301.000000 92508.107885
302.000000 94525.316566
303.000000 102154.152681
304.000000 108617.481143
305.000000 111567.719301
306.000000 111727.386264
307.000000 108569.286095
308.000000 106266.510061
309.000000 109718.246127
310.000000 111631.906254
311.000000 112349.873254
312.000000 112718.849826
313.000000 110506.862619
314.000000 105624.831621
315.000000 98032.978557
316.000000 102669.274400
317.000000 91203.214000
318.000000 83470.053164
319.000000 91087.769679
320.000000 102555.758573
321.000000 112650.955108
322.000000 119760.756584
323.000000 124527.358519
324.000000 126199.373415
325.000000 125479.404022
326.000000 124943.625946
327.000000 123133.656421
328.000000 119558.274147
329.000000 121743.420445
330.000000 124774.978031
331.000000 124919.850502
332.000000 121995.155118
333.000000 115932.858296
334.000000 107678.661977
335.000000 104966.328523
336.000000 112693.404267
337.000000 120018.361975
338.000000 123914.959494
339.000000 124822.184639
340.000000 124030.134359
341.000000 120390.253183
342.000000 115208.730420
343.000000 117893.464514
344.000000 122906.798594
345.000000 123930.317688
346.000000 72485.042413
347.000000 72945.624304
348.000000 74832.665597
349.000000 74801.158622
350.000000 76610.586439
351.000000 77024.924095
352.000000 76783.009396
353.000000 74712.160304
354.000000 70103.743304
355.000000 63622.686248
356.000000 55871.690563
357.000000 47828.704556
358.000000 39147.016775
359.000000 31089.138290
