0.000000 183.549969
1.000000 265.221556
2.000000 403.274911
3.000000 536.346723
4.000000 654.562703
5.000000 764.887137
6.000000 850.814364
7.000000 832.876379
8.000000 813.351936
9.000000 821.625240
10.000000 820.845190
11.000000 813.864193
12.000000 820.485287
13.000000 827.611623
14.000000 724.278995
15.000000 754.227023
16.000000 588.263516
17.000000 593.544734
18.000000 529.718629
19.000000 455.638714
20.000000 531.300263
21.000000 573.556404
22.000000 583.454114
23.000000 589.503543
24.000000 586.735970
25.000000 595.485555
26.000000 511.837413
27.000000 394.442868
28.000000 354.999856
29.000000 455.081250
30.000000 568.344010
31.000000 585.601288
32.000000 589.870569
33.000000 579.233915
34.000000 563.078916
35.000000 507.277403
36.000000 506.197340
37.000000 572.997615
38.000000 572.559922
39.000000 530.923259
40.000000 588.078613
41.000000 587.980573
42.000000 589.038269
43.000000 573.930550
44.000000 572.304426
45.000000 496.608025
46.000000 365.474026
47.000000 260.093936
48.000000 190.602075
49.000000 251.484360
50.000000 356.633293
51.000000 447.853782
52.000000 537.628920
53.000000 577.595114
54.000000 549.603357
55.000000 542.161077
56.000000 555.739444
57.000000 530.218283
58.000000 569.591743
59.000000 564.053689
60.000000 471.912927
61.000000 456.047061
62.000000 544.755339
63.000000 560.684470
64.000000 564.070114
65.000000 598.294943
66.000000 540.677656
67.000000 434.754053
68.000000 347.300221
69.000000 365.277673
70.000000 457.318611
71.000000 563.779954
72.000000 610.549453
73.000000 564.506979
74.000000 557.344323
75.000000 577.011322
76.000000 553.360144
77.000000 465.838167
78.000000 531.264845
79.000000 634.626274
80.000000 663.878843
81.000000 601.235335
82.000000 572.656050
83.000000 619.439709
84.000000 608.602563
85.000000 598.491567
86.000000 608.770084
87.000000 637.208609
88.000000 720.091763
89.000000 718.711476
90.000000 645.667592
91.000000 570.141945
92.000000 482.338253
93.000000 395.065324
94.000000 293.907649
95.000000 203.898595
96.000000 143.287688
97.000000 196.889854
98.000000 284.267639
99.000000 387.121686
100.000000 473.500453
101.000000 562.876958
102.000000 638.525066
103.000000 711.450332
104.000000 700.791796
105.000000 622.258371
106.000000 903.011817
107.000000 878.857357
108.000000 913.458412
109.000000 883.675310
110.000000 870.975805
111.000000 948.306525
112.000000 941.555314
113.000000 852.247475
114.000000 813.174576
115.000000 894.664835
116.000000 999.696272
117.000000 1085.688889
118.000000 1018.840266
119.000000 917.661534
120.000000 817.358745
121.000000 740.496981
122.000000 765.646460
123.000000 855.879465
124.000000 957.640667
125.000000 1055.619760
126.000000 1125.894880
127.000000 1136.180294
128.000000 1132.830488
129.000000 1128.172981
130.000000 1133.543247
131.000000 1136.063873
132.000000 1109.221347
133.000000 1036.081825
134.000000 941.493050
135.000000 844.763171
136.000000 840.451117
137.000000 753.180599
138.000000 698.500141
139.000000 743.712977
140.000000 828.349234
141.000000 926.437813
142.000000 1029.466279
143.000000 1129.221160
144.000000 1208.675928
145.000000 1241.118523
146.000000 1240.923582
147.000000 1234.471718
148.000000 1241.743904
149.000000 1243.579853
150.000000 1243.579853
151.000000 1243.579853
152.000000 1243.579853
153.000000 1243.579853
154.000000 1243.579853
155.000000 1243.579853
156.000000 1243.579853
157.000000 1243.579853
158.000000 1243.579853
159.000000 1243.579853
160.000000 1243.579853
161.000000 1243.579853
162.000000 1243.579853
163.000000 1243.579853
164.000000 1243.579853
165.000000 1243.579853
166.000000 1347.219697
167.000000 1337.506625
168.000000 1333.240038
169.000000 1339.427040
170.000000 1346.700464
171.000000 1342.422481
172.000000 1314.695092
173.000000 1253.425549
174.000000 1158.912127
175.000000 1057.568123
176.000000 955.068071
177.000000 859.287966
178.000000 769.610901
179.000000 694.826243
180.000000 659.145239
181.000000 694.826243
182.000000 769.610901
183.000000 859.287966
184.000000 955.068071
185.000000 1057.568123
186.000000 1158.912127
187.000000 1253.425549
188.000000 1314.695092
189.000000 1342.422481
190.000000 1346.700464
191.000000 1339.427040
192.000000 1333.240038
193.000000 1337.506625
194.000000 1347.219697
195.000000 1347.219697
196.000000 1440.740395
197.000000 1440.740395
198.000000 1440.740395
199.000000 1440.740395
200.000000 1440.740395
201.000000 1440.740395
202.000000 1440.740395
203.000000 1440.740395
204.000000 1440.740395
205.000000 1440.740395
206.000000 1440.740395
207.000000 1440.740395
208.000000 1440.740395
209.000000 1440.740395
210.000000 1440.740395
211.000000 1440.740395
212.000000 1440.740395
213.000000 1440.740395
214.000000 1440.740395
215.000000 1440.740395
216.000000 1440.740395
217.000000 1440.740395
218.000000 1431.451963
219.000000 1434.073059
220.000000 1440.656731
221.000000 1430.265766
222.000000 1384.249855
223.000000 1298.120235
224.000000 1197.262469
225.000000 1088.533263
226.000000 867.376595
227.000000 783.596468
228.000000 733.328084
229.000000 780.150465
230.000000 862.921765
231.000000 959.511153
232.000000 1066.371404
233.000000 1167.361149
234.000000 1259.459371
235.000000 1309.281065
236.000000 1321.013503
237.000000 1314.754940
238.000000 1311.554681
239.000000 1320.932303
240.000000 1321.033902
241.000000 1321.033902
242.000000 1321.033902
243.000000 1321.033902
244.000000 1321.033902
245.000000 1321.033902
246.000000 1321.033902
247.000000 1321.033902
248.000000 1321.033902
249.000000 1321.033902
250.000000 1321.033902
251.000000 1321.033902
252.000000 1321.033902
253.000000 1321.033902
254.000000 1321.033902
255.000000 1321.033902
256.000000 1231.762800
257.000000 1231.762800
258.000000 1231.762800
259.000000 1231.762800
260.000000 1231.762800
261.000000 1231.762800
262.000000 1231.762800
263.000000 1221.974019
264.000000 1217.064578
265.000000 1223.295863
266.000000 1231.083544
267.000000 1227.226518
268.000000 1199.180411
269.000000 1138.415344
270.000000 1045.278427
271.000000 947.538375
272.000000 853.170445
273.000000 757.798342
274.000000 672.390313
275.000000 611.615303
276.000000 575.438527
277.000000 607.972644
278.000000 667.561587
279.000000 751.117350
280.000000 846.313717
281.000000 940.959246
282.000000 1037.777065
283.000000 1132.743653
284.000000 1195.986312
285.000000 1226.157030
286.000000 1492.697250
287.000000 1485.574053
288.000000 1479.181667
289.000000 1483.086126
290.000000 1493.111985
291.000000 1493.111985
292.000000 1493.111985
293.000000 1493.111985
294.000000 1493.111985
295.000000 1493.111985
296.000000 1493.111985
297.000000 1493.111985
298.000000 1493.111985
299.000000 1493.111985
300.000000 1493.111985
301.000000 1493.111985
302.000000 1493.111985
303.000000 1493.111985
304.000000 1493.111985
305.000000 1493.111985
306.000000 1493.111985
307.000000 1493.111985
308.000000 1491.691722
309.000000 1484.414904
310.000000 1490.363010
311.000000 1491.090893
312.000000 1461.397613
313.000000 1386.985922
314.000000 1291.944676
315.000000 1183.458738
316.000000 1271.998438
317.000000 1178.552477
318.000000 1126.008058
319.000000 1183.944212
320.000000 1278.890074
321.000000 1382.370901
322.000000 1483.912466
323.000000 1577.431599
324.000000 1634.617976
325.000000 1654.120545
326.000000 1652.770569
327.000000 1648.847574
328.000000 1652.010337
329.000000 1654.467480
330.000000 1646.956549
331.000000 1598.079198
332.000000 1503.430785
333.000000 1397.307715
334.000000 1303.429625
335.000000 1277.053997
336.000000 1358.370999
337.000000 1462.989956
338.000000 1564.463464
339.000000 1618.857966
340.000000 1545.173030
341.000000 1438.029855
342.000000 1353.649578
343.000000 1395.062779
344.000000 1487.905069
345.000000 1495.022385
346.000000 794.445264
347.000000 806.751415
348.000000 837.152969
349.000000 801.888298
350.000000 825.736126
351.000000 815.219823
352.000000 808.344475
353.000000 818.344037
354.000000 843.482970
355.000000 764.835669
356.000000 654.562703
357.000000 536.346723
358.000000 403.274911
359.000000 265.221556
