0.000000 -51855.290408
1.000000 -58986.913332
2.000000 -70475.744822
3.000000 -82235.150017
4.000000 -93127.648452
5.000000 -102928.006572
6.000000 -111225.717507
7.000000 -117496.009326
8.000000 -120316.542679
9.000000 -120838.082609
10.000000 -119785.703091
11.000000 -118259.519249
12.000000 -117348.873611
13.000000 -117085.443993
14.000000 -113806.864702
15.000000 -115084.968944
16.000000 -92900.805150
17.000000 -91754.633770
18.000000 -86833.207739
19.000000 -82856.760042
20.000000 -87024.970055
21.000000 -91685.254690
22.000000 -93480.529009
23.000000 -94194.568370
24.000000 -92956.236055
25.000000 -89516.512512
26.000000 -83181.035322
27.000000 -76341.747699
28.000000 -74113.325305
29.000000 -79976.466393
30.000000 -86947.734270
31.000000 -91886.862107
32.000000 -94545.132358
33.000000 -94388.691781
34.000000 -92383.320058
35.000000 -88404.425749
36.000000 -88280.132144
37.000000 -92317.197925
38.000000 -93838.962808
39.000000 -93371.251843
40.000000 -95279.409216
41.000000 -95930.169231
42.000000 -95374.021992
43.000000 -91532.139069
44.000000 -86094.008087
45.000000 -79092.839352
46.000000 -66913.711853
47.000000 -59591.899411
48.000000 -54714.224140
49.000000 -58746.099305
50.000000 -65933.528990
51.000000 -73437.906615
52.000000 -80316.119779
53.000000 -85743.950604
54.000000 -89792.027638
55.000000 -90868.259823
56.000000 -90440.521565
57.000000 -88758.915815
58.000000 -88967.621876
59.000000 -87910.081958
60.000000 -84322.638173
61.000000 -83658.674265
62.000000 -87321.290516
63.000000 -89669.237991
64.000000 -90097.089352
65.000000 -87836.019817
66.000000 -83216.028274
67.000000 -76927.244430
68.000000 -71614.026878
69.000000 -72536.483789
70.000000 -78307.478580
71.000000 -84496.143050
72.000000 -88552.104752
73.000000 -90079.429152
74.000000 -89553.834909
75.000000 -88129.400989
76.000000 -90110.702846
77.000000 -86145.833907
78.000000 -88916.169455
79.000000 -93746.389284
80.000000 -95701.614880
81.000000 -93921.545924
82.000000 -92668.954447
83.000000 -94883.113613
84.000000 -95359.571026
85.000000 -96018.865651
86.000000 -97605.715195
87.000000 -98710.145811
88.000000 -98597.305598
89.000000 -96074.999271
90.000000 -89805.266004
91.000000 -82686.854671
92.000000 -75060.810164
93.000000 -66719.033991
94.000000 -57916.707825
95.000000 -49588.799661
96.000000 -44285.273181
97.000000 -48707.058585
98.000000 -56844.435908
99.000000 -65666.913403
100.000000 -74075.811623
101.000000 -81814.710372
102.000000 -88895.542064
103.000000 -95330.175708
104.000000 -98046.082099
105.000000 -98223.870863
106.000000 -130862.185809
107.000000 -128485.770720
108.000000 -128139.252689
109.000000 -126086.109632
110.000000 -125556.374358
111.000000 -127791.329504
112.000000 -126286.776064
113.000000 -120614.106805
114.000000 -117751.580793
115.000000 -122972.074092
116.000000 -127743.541780
117.000000 -128778.298052
118.000000 -127117.383136
119.000000 -121901.033486
120.000000 -113532.522055
121.000000 -106274.755177
122.000000 -108438.164393
123.000000 -116628.256173
124.000000 -124079.071661
125.000000 -127887.152549
126.000000 -128086.940265
127.000000 -124309.490722
128.000000 -121676.410464
129.000000 -125625.445459
130.000000 -128032.351476
131.000000 -129038.073285
132.000000 -129357.226026
133.000000 -126406.764507
134.000000 -120318.555376
135.000000 -111814.302564
136.000000 -110540.507286
137.000000 -99028.996078
138.000000 -91571.794102
139.000000 -98938.510495
140.000000 -110435.338874
141.000000 -121623.164388
142.000000 -130517.308716
143.000000 -136900.739375
144.000000 -139850.132758
145.000000 -139230.829924
146.000000 -138130.071235
147.000000 -135648.931900
148.000000 -131122.028902
149.000000 -133929.479167
150.000000 -137847.752693
151.000000 -137661.775916
152.000000 -133682.162248
153.000000 -125947.469783
154.000000 -116431.945374
155.000000 -113546.502225
156.000000 -122063.223717
157.000000 -131115.298193
158.000000 -136272.068541
159.000000 -137910.242586
160.000000 -136645.270284
161.000000 -131840.935271
162.000000 -125435.169686
163.000000 -128685.798597
164.000000 -135144.268675
165.000000 -136523.925625
166.000000 -144744.156561
167.000000 -145397.537479
168.000000 -148195.350511
169.000000 -148218.860081
170.000000 -150906.305116
171.000000 -151574.490055
172.000000 -151246.979461
173.000000 -148093.546582
174.000000 -140802.205794
175.000000 -130939.466901
176.000000 -118952.015965
177.000000 -105404.074037
178.000000 -90581.012350
179.000000 -76001.245248
180.000000 -66917.012791
181.000000 -75958.202464
182.000000 -90533.539015
183.000000 -105360.821921
184.000000 -118913.859339
185.000000 -130926.173674
186.000000 -140982.529317
187.000000 -148469.037016
188.000000 -151791.400537
189.000000 -152399.151846
190.000000 -151168.201843
191.000000 -149381.341171
192.000000 -148307.025477
193.000000 -147978.567181
194.000000 -144126.912701
195.000000 -145627.518033
196.000000 -160209.387007
197.000000 -158463.720712
198.000000 -151059.844074
199.000000 -145061.614028
200.000000 -151348.174807
201.000000 -158361.956964
202.000000 -161090.707729
203.000000 -162143.889419
204.000000 -160254.156912
205.000000 -155006.691649
206.000000 -145262.097354
207.000000 -134626.859398
208.000000 -131134.599797
209.000000 -140300.880197
210.000000 -151073.556545
211.000000 -158626.315163
212.000000 -162616.451913
213.000000 -162410.416947
214.000000 -159399.728463
215.000000 -153469.838538
216.000000 -153287.100599
217.000000 -159300.133899
218.000000 -161578.760116
219.000000 -160923.688860
220.000000 -163732.404833
221.000000 -164693.738513
222.000000 -163811.843203
223.000000 -158034.393165
224.000000 -149675.332031
225.000000 -138639.907189
226.000000 -114005.253660
227.000000 -102218.509375
228.000000 -94319.183153
229.000000 -100869.563344
230.000000 -112445.368062
231.000000 -124358.733788
232.000000 -135045.554758
233.000000 -143328.430946
234.000000 -149391.052026
235.000000 -150956.031741
236.000000 -150334.375743
237.000000 -147892.462789
238.000000 -148158.431609
239.000000 -146593.349041
240.000000 -141342.372490
241.000000 -140370.794795
242.000000 -145750.735416
243.000000 -149222.842588
244.000000 -149763.146278
245.000000 -146430.051055
246.000000 -139524.620926
247.000000 -130032.084351
248.000000 -121937.377690
249.000000 -123363.322322
250.000000 -132133.785619
251.000000 -141449.988222
252.000000 -147538.451905
253.000000 -149828.547221
254.000000 -149013.795711
255.000000 -146906.244045
256.000000 -131166.341648
257.000000 -125906.951632
258.000000 -129593.417307
259.000000 -135984.799070
260.000000 -138583.187708
261.000000 -136290.980476
262.000000 -134658.123932
263.000000 -137534.597087
264.000000 -138158.225115
265.000000 -139021.324886
266.000000 -141096.900410
267.000000 -142541.651925
268.000000 -142414.236809
269.000000 -139090.231069
270.000000 -130668.761526
271.000000 -120904.589786
272.000000 -110254.973315
273.000000 -98392.419340
274.000000 -85693.700976
275.000000 -73620.646512
276.000000 -65939.414376
277.000000 -72342.145631
278.000000 -84135.830250
279.000000 -96877.278392
280.000000 -108863.495084
281.000000 -119696.010114
282.000000 -129432.544213
283.000000 -138088.817658
284.000000 -141702.814887
285.000000 -141910.125208
286.000000 -171972.542075
287.000000 -169152.706269
288.000000 -168734.049429
289.000000 -166304.114678
290.000000 -165682.651448
291.000000 -168313.437328
292.000000 -166488.659093
293.000000 -159676.451708
294.000000 -156224.268537
295.000000 -162504.378481
296.000000 -168234.084573
297.000000 -169478.148084
298.000000 -167496.992723
299.000000 -161146.470501
300.000000 -150948.799310
301.000000 -142046.112796
302.000000 -144699.857244
303.000000 -154723.035553
304.000000 -163785.407779
305.000000 -168379.163200
306.000000 -168657.093949
307.000000 -164131.638500
308.000000 -160967.328262
309.000000 -165692.220994
310.000000 -168570.062774
311.000000 -169786.782809
312.000000 -170213.168413
313.000000 -166641.335453
314.000000 -159207.490163
315.000000 -148696.899804
316.000000 -156638.400138
317.000000 -141526.870198
318.000000 -131598.262130
319.000000 -141372.545421
320.000000 -156481.556977
321.000000 -170917.875701
322.000000 -182171.553287
323.000000 -190085.353150
324.000000 -193743.188125
325.000000 -193005.926798
326.000000 -191679.121408
327.000000 -188619.892840
328.000000 -183064.596026
329.000000 -186503.372426
330.000000 -191321.587322
331.000000 -191091.022040
332.000000 -186173.833662
333.000000 -176498.173549
334.000000 -164507.372726
335.000000 -160832.526728
336.000000 -171606.373528
337.000000 -182954.511735
338.000000 -189369.578304
339.000000 -191404.469310
340.000000 -189861.422136
341.000000 -183926.255897
342.000000 -176014.646350
343.000000 -180031.568276
344.000000 -187995.449049
345.000000 -189710.961377
346.000000 -114330.804428
347.000000 -114885.658993
348.000000 -117267.763146
349.000000 -117268.433209
350.000000 -119563.186071
351.000000 -120129.441773
352.000000 -119843.610823
353.000000 -117170.680227
354.000000 -111071.310187
355.000000 -102938.018035
356.000000 -93158.413476
357.000000 -82269.436106
358.000000 -70512.292245
359.000000 -59017.879370
