0.000000 -434.168599
1.000000 -567.334606
2.000000 -766.170195
3.000000 -948.348201
4.000000 -1107.696281
5.000000 -1247.717879
6.000000 -1355.148989
7.000000 -1332.296478
8.000000 -1307.678790
9.000000 -1318.077800
10.000000 -1317.095288
11.000000 -1308.321278
12.000000 -1316.642115
13.000000 -1325.632101
14.000000 -1198.727250
15.000000 -1234.747358
16.000000 -1016.580785
17.000000 -1023.674366
18.000000 -939.832155
19.000000 -847.102950
20.000000 -941.860310
21.000000 -996.975620
22.000000 -1010.145553
23.000000 -1018.243810
24.000000 -1014.534306
25.000000 -1026.288339
26.000000 -917.076517
27.000000 -752.973060
28.000000 -695.615477
29.000000 -846.216940
30.000000 -990.079811
31.000000 -1013.015686
32.000000 -1018.736336
33.000000 -1004.518012
34.000000 -983.142127
35.000000 -911.324432
36.000000 -909.965049
37.000000 -996.235049
38.000000 -995.655188
39.000000 -941.376644
40.000000 -1016.332941
41.000000 -1016.201542
42.000000 -1017.619639
43.000000 -997.471657
44.000000 -995.316794
45.000000 -897.946598
46.000000 -710.596299
47.000000 -558.386933
48.000000 -444.889263
49.000000 -543.542198
50.000000 -697.939848
51.000000 -834.777674
52.000000 -950.000697
53.000000 -1002.337570
54.000000 -965.512938
55.000000 -955.854945
56.000000 -973.517714
57.000000 -940.472599
58.000000 -991.728018
59.000000 -984.424453
60.000000 -867.415003
61.000000 -847.752296
62.000000 -959.215257
63.000000 -979.996273
64.000000 -984.446067
65.000000 -1030.078914
66.000000 -953.936523
67.000000 -814.269695
68.000000 -684.717908
69.000000 -710.313801
70.000000 -849.654149
71.000000 -984.064254
72.000000 -1046.707300
73.000000 -985.021087
74.000000 -975.617593
75.000000 -1001.561485
76.000000 -970.409326
77.000000 -859.996747
78.000000 -941.814865
79.000000 -1079.824237
80.000000 -1120.861069
81.000000 -1034.054845
82.000000 -995.782523
83.000000 -1058.866523
84.000000 -1044.055302
85.000000 -1030.344511
86.000000 -1044.283342
87.000000 -1083.411423
88.000000 -1193.740105
89.000000 -1192.098764
90.000000 -1095.209984
91.000000 -992.455314
92.000000 -880.230769
93.000000 -753.898896
94.000000 -611.806380
95.000000 -465.498469
96.000000 -369.750669
97.000000 -454.570526
98.000000 -599.133052
99.000000 -742.131966
100.000000 -869.359616
101.000000 -982.876569
102.000000 -1085.242781
103.000000 -1183.485795
104.000000 -1170.908208
105.000000 -1062.738476
106.000000 -1422.935383
107.000000 -1391.328063
108.000000 -1436.733346
109.000000 -1397.599649
110.000000 -1381.103880
111.000000 -1483.322750
112.000000 -1474.229205
113.000000 -1356.984471
114.000000 -1307.456383
115.000000 -1411.966246
116.000000 -1550.777692
117.000000 -1660.827119
118.000000 -1574.896232
119.000000 -1442.306739
120.000000 -1312.709126
121.000000 -1218.156958
122.000000 -1248.644765
123.000000 -1361.642669
124.000000 -1495.949075
125.000000 -1621.844278
126.000000 -1713.800745
127.000000 -1727.509076
128.000000 -1723.037448
129.000000 -1716.831465
130.000000 -1723.988335
131.000000 -1727.353553
132.000000 -1691.714201
133.000000 -1596.804279
134.000000 -1474.145491
135.000000 -1347.414713
136.000000 -1341.918976
137.000000 -1233.478363
138.000000 -1168.214074
139.000000 -1222.031301
140.000000 -1326.564636
141.000000 -1453.984711
142.000000 -1588.377303
143.000000 -1718.226986
144.000000 -1825.954083
145.000000 -1871.050130
146.000000 -1870.777224
147.000000 -1861.758202
148.000000 -1871.925784
149.000000 -1874.497859
150.000000 -1874.497859
151.000000 -1874.497859
152.000000 -1874.497859
153.000000 -1874.497859
154.000000 -1874.497859
155.000000 -1874.497859
156.000000 -1874.497859
157.000000 -1874.497859
158.000000 -1874.497859
159.000000 -1874.497859
160.000000 -1874.497859
161.000000 -1874.497859
162.000000 -1874.497859
163.000000 -1874.497859
164.000000 -1874.497859
165.000000 -1874.497859
166.000000 -2027.058987
167.000000 -2012.081468
168.000000 -2005.523105
169.000000 -2015.037545
170.000000 -2026.256673
171.000000 -2019.653511
172.000000 -1977.163367
173.000000 -1888.326652
174.000000 -1758.033327
175.000000 -1624.353815
176.000000 -1492.462889
177.000000 -1366.022667
178.000000 -1253.490533
179.000000 -1163.902408
180.000000 -1114.160738
181.000000 -1163.902408
182.000000 -1253.490533
183.000000 -1366.022667
184.000000 -1492.462889
185.000000 -1624.353815
186.000000 -1758.033327
187.000000 -1888.326652
188.000000 -1977.163367
189.000000 -2019.653511
190.000000 -2026.256673
191.000000 -2015.037545
192.000000 -2005.523105
193.000000 -2012.081468
194.000000 -2027.058987
195.000000 -2027.058987
196.000000 -2174.637718
197.000000 -2174.637718
198.000000 -2174.637718
199.000000 -2174.637718
200.000000 -2174.637718
201.000000 -2174.637718
202.000000 -2174.637718
203.000000 -2174.637718
204.000000 -2174.637718
205.000000 -2174.637718
206.000000 -2174.637718
207.000000 -2174.637718
208.000000 -2174.637718
209.000000 -2174.637718
210.000000 -2174.637718
211.000000 -2174.637718
212.000000 -2174.637718
213.000000 -2174.637718
214.000000 -2174.637718
215.000000 -2174.637718
216.000000 -2174.637718
217.000000 -2174.637718
218.000000 -2159.705736
219.000000 -2163.913221
220.000000 -2174.502949
221.000000 -2157.803199
222.000000 -2084.761683
223.000000 -1952.017564
224.000000 -1810.242613
225.000000 -1664.542752
226.000000 -1376.449446
227.000000 -1270.672046
228.000000 -1209.546104
229.000000 -1266.425995
230.000000 -1370.701177
231.000000 -1498.486794
232.000000 -1635.720946
233.000000 -1769.458657
234.000000 -1896.831032
235.000000 -1968.928861
236.000000 -1986.799021
237.000000 -1977.254507
238.000000 -1972.384469
239.000000 -1986.675016
240.000000 -1986.830176
241.000000 -1986.830176
242.000000 -1986.830176
243.000000 -1986.830176
244.000000 -1986.830176
245.000000 -1986.830176
246.000000 -1986.830176
247.000000 -1986.830176
248.000000 -1986.830176
249.000000 -1986.830176
250.000000 -1986.830176
251.000000 -1986.830176
252.000000 -1986.830176
253.000000 -1986.830176
254.000000 -1986.830176
255.000000 -1986.830176
256.000000 -1857.979058
257.000000 -1857.979058
258.000000 -1857.979058
259.000000 -1857.979058
260.000000 -1857.979058
261.000000 -1857.979058
262.000000 -1857.979058
263.000000 -1844.360581
264.000000 -1837.552565
265.000000 -1846.196135
266.000000 -1857.032151
267.000000 -1851.660709
268.000000 -1812.877228
269.000000 -1730.496406
270.000000 -1608.562359
271.000000 -1482.286447
272.000000 -1358.167345
273.000000 -1239.083968
274.000000 -1132.967179
275.000000 -1048.160807
276.000000 -999.472349
277.000000 -1043.198072
278.000000 -1126.089944
279.000000 -1230.978480
280.000000 -1349.394080
281.000000 -1473.427896
282.000000 -1598.967896
283.000000 -1722.921623
284.000000 -1808.490843
285.000000 -1850.172919
286.000000 -2259.288487
287.000000 -2247.569721
288.000000 -2237.083966
289.000000 -2243.485196
290.000000 -2259.971903
291.000000 -2259.971903
292.000000 -2259.971903
293.000000 -2259.971903
294.000000 -2259.971903
295.000000 -2259.971903
296.000000 -2259.971903
297.000000 -2259.971903
298.000000 -2259.971903
299.000000 -2259.971903
300.000000 -2259.971903
301.000000 -2259.971903
302.000000 -2259.971903
303.000000 -2259.971903
304.000000 -2259.971903
305.000000 -2259.971903
306.000000 -2259.971903
307.000000 -2259.971903
308.000000 -2257.632050
309.000000 -2245.666155
310.000000 -2255.444323
311.000000 -2256.642628
312.000000 -2208.064456
313.000000 -2089.063160
314.000000 -1943.004569
315.000000 -1791.347196
316.000000 -1914.576203
317.000000 -1784.659220
318.000000 -1713.951240
319.000000 -1792.009769
320.000000 -1924.370618
321.000000 -2081.810739
322.000000 -2244.841342
323.000000 -2401.471254
324.000000 -2524.303671
325.000000 -2571.678815
326.000000 -2568.382591
327.000000 -2558.818133
328.000000 -2566.527450
329.000000 -2572.526328
330.000000 -2554.215301
331.000000 -2436.950755
332.000000 -2277.015043
333.000000 -2105.337608
334.000000 -1960.051830
335.000000 -1921.758305
336.000000 -2044.335099
337.000000 -2210.653659
338.000000 -2379.376938
339.000000 -2486.402060
340.000000 -2346.735035
341.000000 -2170.273996
342.000000 -2037.009896
343.000000 -2101.791652
344.000000 -2251.400632
345.000000 -2263.121512
346.000000 -1284.093357
347.000000 -1299.416591
348.000000 -1337.724265
349.000000 -1293.348601
350.000000 -1323.262691
351.000000 -1310.022429
352.000000 -1301.407924
353.000000 -1313.947824
354.000000 -1345.781728
355.000000 -1247.655068
356.000000 -1107.696281
357.000000 -948.348201
358.000000 -766.170195
359.000000 -567.334606
